170
191
192
222
221
250
251
252
253
254
255
256
227
226
225
224
223
193
194
171
172
195
196
197
198
228
229
199
200
201
173
158
159
174
202
232
233
203
204
234
263
262
261
260
231
230
259
258
257
279
278
277
305
304
338
337
303
302
336
335
301
300
334
333
299
298
332
331
297
296
330
329
295
294
328
327
293
292
326
325
362
363
376
409
408
375
374
361
360
373
372
359
324
288
289
290
291
276
275
274
273
288
287
286
322
323
357
358
357
371
407
443
455
456
457
458
496
495
494
493
532
547
546
545
530
531
492
454
442
406
370
356
355
321
284
285
271
272
242
241
211
212
181
180
164
165
149
117
118
117
148
116
115
86
87
88
68
67
85
66
50
51
52
22
23
24
23
53
69
70
71
72
73
89
120
119
120
150
151
152
122
121
90
74
55
54
26
25
26
27
56
29
28
1
2
0
2
3
30
31
4
5
32
33
6
7
34
35
8
9
36
37
10
11
38
39
12
13
14
15
42
43
16
17
44
45
18
19
46
47
20
21
48
49
64
65
83
84
113
114
146
147
162
163
178
179
210
240
268
269
270
283
320
319
282
281
318
352
353
354
369
368
367
402
403
404
405
437
438
439
440
441
440
439
453
452
490
491
529
544
574
573
597
598
621
620
619
596
595
618
617
616
615
614
613
623
622
612
611
588
564
565
589
590
566
567
591
592
568
569
593
594
570
571
572
542
543
528
527
489
451
450
436
435
434
401
400
433
432
399
398
431
430
397
396
429
428
395
394
427
426
393
392
425
424
423
448
449
476
477
478
479
480
481
482
483
484
485
486
487
488
526
525
524
523
522
521
520
519
518
517
516
515
514
541
559
560
561
562
563
587
610
609
586
585
608
607
584
583
606
605
582
558
557
556
555
554
553
577
578
579
580
581
604
603
602
601
600
599
576
552
575
551
550
538
506
505
537
536
549
548
535
534
533
501
502
464
465
503
504
466
467
468
469
507
508
470
471
509
510
472
473
511
512
539
540
513
475
474
447
422
421
420
419
418
417
416
415
414
413
412
411
446
463
462
500
499
498
497
459
460
461
444
445
410
377
378
379
380
381
382
383
384
385
386
387
388
389
390
391
366
365
364
339
340
306
307
341
342
308
309
343
344
345
310
311
312
346
347
313
314
348
349
315
316
350
351
317
280
267
266
265
264
235
205
206
236
207
237
238
239
209
208
177
176
175
161
160
145
144
143
112
111
82
63
81
110
142
141
109
108
140
139
107
106
138
137
105
104
136
135
103
80
62
41
40
61
79
102
134
157
156
133
101
100
132
131
99
78
60
59
77
98
97
96
95
128
127
126
94
93
125
124
92
76
58
57
75
91
123
153
168
184
167
166
182
183
213
214
243
244
245
216
215
185
186
187
188
218
217
246
247
248
249
220
219
189
190
169
154
129
130
155
170
