601
600
599
576
577
578
579
580
581
582
583
584
585
586
587
588
589
590
591
592
593
594
595
571
570
569
568
567
566
565
564
563
562
561
560
559
541
540
539
558
557
556
555
554
553
552
575
551
538
505
506
507
469
468
467
466
504
536
537
550
549
548
535
503
465
464
502
534
533
501
463
446
411
410
445
462
500
499
498
497
496
495
494
493
532
547
546
545
530
531
492
454
442
406
370
356
355
321
284
322
323
357
358
357
371
407
443
455
456
457
458
459
460
461
444
409
408
375
374
375
376
377
378
379
380
412
413
414
415
416
417
383
382
381
382
383
384
385
418
419
386
387
388
420
421
422
389
364
339
338
337
336
303
304
303
302
301
300
335
334
333
299
298
297
332
331
330
296
295
329
328
327
294
293
292
325
326
363
362
361
360
373
372
359
324
288
273
274
275
276
291
290
289
288
287
286
285
271
272
242
212
241
211
180
181
165
164
148
116
115
86
85
66
50
51
67
86
116
149
117
118
117
88
87
68
52
22
23
24
23
53
69
70
71
72
73
74
90
89
120
119
120
150
151
166
182
166
151
121
122
152
167
183
213
214
243
244
215
185
184
168
153
123
91
75
57
58
76
92
124
125
93
94
126
127
128
95
96
97
98
99
100
101
133
132
131
130
129
154
155
170
169
190
191
192
193
194
171
156
172
157
134
102
79
61
40
39
38
37
60
78
77
59
36
35
34
33
32
31
30
29
56
55
54
26
25
26
27
28
1
2
0
2
3
4
5
6
7
8
9
10
11
12
13
14
15
16
17
18
19
20
21
48
49
64
65
83
82
81
63
48
47
46
45
44
43
42
41
62
80
103
135
136
104
105
106
137
138
139
107
108
109
110
111
112
84
113
114
146
161
147
162
163
178
177
176
175
160
145
144
143
142
141
140
158
173
159
174
202
201
200
199
198
197
196
195
224
223
222
221
220
219
218
217
188
189
188
187
186
216
245
246
247
248
249
250
251
252
253
254
225
226
227
228
229
230
231
232
233
203
204
234
235
205
206
207
208
209
179
210
240
239
238
237
236
265
264
263
262
261
260
259
258
257
256
255
277
305
306
278
279
307
308
309
310
311
312
313
314
315
316
317
318
352
351
350
349
348
347
346
345
344
343
342
341
366
340
365
390
423
447
448
475
474
473
472
471
470
508
509
510
511
512
513
514
515
516
517
518
519
520
521
522
523
524
525
526
527
528
490
489
488
487
486
485
484
483
482
481
480
479
478
477
476
449
424
391
392
425
426
427
393
394
395
396
428
429
430
431
397
398
399
432
433
400
401
434
435
402
367
368
353
319
282
281
280
267
266
267
268
269
270
283
320
354
369
404
405
438
437
403
436
450
451
452
439
440
441
440
439
453
491
529
544
543
542
572
596
597
573
574
598
621
620
619
618
617
616
615
614
613
623
622
612
611
610
609
608
607
606
605
604
603
602
601
