221
191
170
169
154
155
130
131
132
100
99
98
77
78
60
59
36
35
8
9
10
11
37
38
39
12
13
40
61
62
41
14
15
42
43
16
17
44
45
18
19
46
47
20
21
48
49
63
64
65
83
84
112
144
145
113
114
146
147
162
163
177
208
207
176
161
160
175
206
205
204
234
263
264
235
236
265
266
237
238
239
209
178
179
210
240
269
270
283
320
319
353
354
369
368
367
352
318
281
282
268
267
280
317
351
350
316
315
349
348
314
313
347
346
312
311
345
310
344
343
309
308
342
341
340
339
364
365
366
391
390
423
424
425
392
393
426
427
394
395
428
429
396
397
430
431
398
399
432
433
400
401
434
435
402
403
404
405
438
439
440
441
440
439
453
491
490
452
451
437
436
450
489
488
487
486
485
484
522
523
524
525
526
527
542
543
528
529
544
574
598
621
620
619
618
617
616
593
594
595
596
597
573
572
571
570
569
568
592
615
614
591
567
566
590
613
623
622
612
589
565
564
588
611
610
609
586
587
563
562
561
560
584
585
608
607
606
605
604
603
580
581
582
583
559
558
540
541
514
515
516
517
518
519
520
521
483
482
481
480
479
478
477
476
449
448
475
513
512
539
557
556
555
579
602
601
578
554
553
577
600
599
576
575
552
551
550
549
548
535
536
504
503
502
534
533
501
462
500
499
461
444
445
410
411
446
463
464
465
466
467
505
537
538
506
468
469
507
508
470
509
471
472
510
511
473
474
447
422
389
388
421
420
387
386
419
418
385
384
417
416
383
382
415
414
381
380
413
412
379
378
377
376
409
408
375
363
326
325
362
361
374
360
373
372
359
324
359
358
357
371
407
443
455
456
457
458
459
460
498
497
496
495
494
493
532
547
546
545
530
531
492
454
442
406
370
356
323
322
355
321
284
285
271
241
211
180
164
148
116
115
86
85
66
50
51
52
22
23
24
23
53
69
70
69
68
67
87
88
117
118
117
149
165
181
212
242
272
286
287
288
273
274
289
290
275
276
291
292
293
327
328
294
295
329
330
296
297
331
332
298
299
333
334
300
301
335
336
302
303
337
338
304
305
306
307
279
278
277
255
226
196
197
227
256
257
228
198
199
200
230
229
258
259
260
231
232
261
262
233
203
202
201
173
158
174
159
141
142
143
111
82
81
110
109
108
140
139
107
106
138
137
105
104
136
135
134
103
80
79
102
101
133
157
156
171
172
195
194
224
225
254
253
252
223
193
192
222
251
250
249
248
247
218
217
246
245
244
243
214
213
183
182
166
167
152
122
121
151
150
120
119
120
89
90
74
73
72
71
72
73
54
26
25
26
27
55
56
57
29
28
1
2
0
2
3
4
5
6
7
34
33
32
31
30
58
76
75
91
92
93
94
95
96
97
129
128
127
126
125
124
123
153
168
184
185
215
216
186
187
188
219
189
190
220
221
