5
6
7
8
9
10
11
12
13
14
15
16
17
18
19
20
21
48
63
64
65
64
49
48
47
46
45
44
43
42
41
62
80
103
104
105
106
107
140
158
173
201
200
199
198
197
196
195
194
193
192
191
190
189
188
187
186
185
184
168
153
123
91
75
57
29
2
0
2
1
28
56
55
54
26
25
26
27
28
29
30
31
32
33
34
35
36
37
38
39
40
61
79
102
134
157
172
171
156
133
100
99
78
60
59
77
98
130
155
154
169
170
191
192
193
224
225
255
277
306
339
364
365
366
341
307
279
278
277
305
304
303
302
301
300
299
298
297
296
329
328
327
326
363
362
361
360
359
358
357
356
355
321
284
285
286
287
288
289
290
291
292
293
294
295
296
297
298
299
300
301
302
303
304
305
306
307
308
309
310
311
312
313
314
315
316
317
280
267
238
208
177
162
147
146
113
84
83
82
81
110
141
159
174
202
232
203
204
205
206
175
160
145
144
143
142
141
140
139
138
137
136
135
134
133
132
131
130
129
128
127
126
125
124
123
122
121
120
119
120
150
151
166
182
183
214
243
244
245
246
247
248
249
250
251
252
253
254
255
256
257
258
259
260
261
262
263
264
265
266
267
268
269
270
283
320
354
369
404
437
451
489
527
526
525
524
523
522
521
520
519
518
517
516
515
514
513
512
511
510
509
508
507
506
505
504
503
502
501
500
499
498
497
496
495
494
456
457
458
459
460
461
462
463
464
465
466
467
468
469
470
471
472
473
474
475
476
477
478
479
480
481
482
483
484
485
486
487
488
450
436
403
368
353
319
282
269
240
210
179
178
163
178
209
239
268
281
318
352
367
402
401
400
399
398
397
396
395
394
393
392
391
390
389
388
387
386
385
384
383
382
414
413
412
411
446
445
444
462
501
533
534
535
536
537
538
551
576
599
600
601
602
603
604
605
606
607
608
609
610
611
612
613
614
615
616
617
618
619
620
621
598
597
596
595
594
593
592
591
590
589
588
587
586
585
584
583
582
581
580
579
578
577
576
575
551
550
549
548
549
550
551
552
553
554
555
556
557
558
559
560
561
562
563
564
565
566
567
568
569
570
571
572
573
574
544
529
491
453
439
440
441
440
439
438
437
436
435
434
433
432
431
430
429
428
427
426
425
424
423
422
421
420
419
418
417
416
415
414
413
412
411
410
409
408
375
362
325
326
327
328
329
330
331
332
333
334
335
336
337
338
339
340
341
342
343
344
345
346
347
348
349
350
351
352
368
404
405
438
452
490
528
543
542
572
571
570
569
592
614
613
623
622
612
588
563
562
561
560
559
541
540
539
513
514
476
449
448
447
422
388
387
386
385
384
383
382
381
380
379
378
377
376
375
374
373
372
359
324
288
273
274
275
276
275
274
288
287
286
272
242
212
181
165
149
117
118
117
116
115
116
148
164
180
211
241
271
285
322
356
370
406
442
454
492
531
530
545
546
547
532
493
455
443
407
371
357
323
286
272
242
212
181
165
149
117
88
87
86
85
66
50
51
52
53
23
24
23
22
52
67
68
69
70
71
72
73
74
90
89
121
152
167
183
213
214
215
216
217
218
219
220
221
222
223
224
225
226
227
228
229
230
231
232
233
234
235
236
237
207
176
161
146
114
113
112
111
110
109
108
107
106
105
104
103
102
101
100
99
98
97
96
95
94
93
92
76
58
30
3
4
5
