535
548
549
550
551
575
552
553
577
576
599
600
601
602
579
578
554
555
556
557
539
512
511
510
509
471
472
473
474
447
448
475
513
540
558
582
581
580
603
604
605
606
583
584
607
608
585
561
560
559
541
514
515
516
517
518
519
520
521
522
523
485
484
483
482
481
480
479
478
477
476
449
424
425
392
393
426
427
394
395
428
429
396
397
430
431
398
399
432
433
400
401
434
435
402
367
368
403
436
450
451
452
490
489
488
487
486
524
525
526
527
542
572
571
570
593
569
568
592
591
567
566
590
589
565
564
563
562
586
609
610
587
588
611
612
622
623
613
614
615
616
617
594
595
618
619
596
597
620
621
598
573
574
544
543
528
529
491
453
439
440
441
440
439
438
437
405
404
369
354
353
319
320
283
270
282
281
280
317
318
352
351
350
316
315
349
348
314
313
347
346
312
311
345
344
310
309
343
342
308
341
307
306
340
365
366
391
390
423
422
421
420
419
418
417
416
415
414
413
412
379
380
381
382
383
384
385
386
387
388
389
364
339
338
337
336
335
334
333
332
331
330
329
328
327
326
325
363
362
361
360
372
373
374
375
408
409
444
445
410
376
377
378
411
446
463
462
461
460
459
458
457
456
455
443
407
371
357
358
359
324
288
287
286
287
288
273
274
289
290
275
276
291
292
293
294
295
296
297
298
299
300
301
302
303
304
305
277
255
226
196
197
227
256
278
279
257
258
259
260
230
229
228
198
199
200
201
231
232
261
262
263
264
265
266
267
238
237
207
176
177
208
209
239
268
269
240
210
179
178
163
162
161
147
146
114
145
160
175
206
236
235
205
204
234
233
203
202
174
173
158
159
141
142
143
144
112
113
84
83
65
64
49
63
81
82
111
110
109
108
140
139
107
106
138
137
105
104
136
135
103
102
79
80
62
61
40
41
42
43
44
45
46
47
48
21
20
19
18
17
16
15
14
13
12
39
38
11
10
37
60
59
77
78
99
98
97
129
128
96
95
127
126
94
93
125
124
92
76
58
29
30
31
32
33
34
35
36
9
8
7
6
5
4
3
2
0
2
1
28
56
57
75
91
123
153
168
184
185
215
186
187
188
218
219
189
190
220
221
191
170
169
154
155
130
131
132
100
101
133
134
157
156
171
172
195
225
254
253
252
223
224
194
193
192
222
251
250
249
248
247
246
217
216
245
244
243
214
213
183
182
166
167
152
122
121
151
150
120
119
120
89
90
74
55
27
26
25
26
54
73
72
71
70
69
53
23
24
23
22
52
68
67
51
50
66
85
86
115
87
88
117
118
117
116
148
149
165
164
180
181
212
211
241
242
272
271
285
284
321
355
322
323
356
370
406
442
454
492
531
530
545
546
547
532
493
494
495
496
497
498
499
500
501
533
534
503
502
464
465
466
467
468
469
470
508
507
506
538
537
505
504
536
535
