23 7
24 7
25 7
26 7
27 7
28 7
23 8
28 8
29 8
30 8
31 8
15 9
16 9
17 9
18 9
19 9
20 9
21 9
22 9
23 9
31 9
32 9
14 10
15 10
32 10
14 11
20 11
22 11
23 11
24 11
25 11
26 11
27 11
32 11
14 12
16 12
17 12
18 12
19 12
22 12
27 12
28 12
32 12
14 13
15 13
19 13
22 13
28 13
32 13
15 14
22 14
28 14
32 14
15 15
16 15
17 15
18 15
19 15
20 15
21 15
22 15
28 15
32 15
20 16
21 16
22 16
28 16
32 16
20 17
22 17
27 17
28 17
32 17
20 18
22 18
23 18
24 18
25 18
26 18
27 18
32 18
20 19
32 19
21 20
22 20
23 20
24 20
25 20
26 20
27 20
28 20
29 20
30 20
31 20
32 20

24 8
25 8
26 8
27 8
24 9
25 9
26 9
27 9
28 9
29 9
30 9
16 10
17 10
18 10
19 10
20 10
21 10
22 10
23 10
24 10
25 10
26 10
27 10
28 10
29 10
30 10
31 10
15 11
16 11
17 11
18 11
19 11
21 11
28 11
29 11
30 11
31 11
15 12
20 12
21 12
29 12
30 12
31 12
16 13
17 13
18 13
20 13
21 13
29 13
30 13
31 13
16 14
17 14
18 14
19 14
20 14
21 14
29 14
30 14
31 14
29 15
30 15
31 15
29 16
30 16
31 16
21 17
29 17
30 17
31 17
21 18
28 18
29 18
30 18
31 18
21 19
22 19
23 19
24 19
25 19
26 19
27 19
28 19
29 19
30 19
31 19
