534
535
536
537
538
551
552
553
554
555
580
581
582
583
584
608
609
610
611
612
622
623
613
589
564
563
562
561
560
559
541
540
539
512
474
447
422
389
364
339
305
277
255
225
195
172
157
134
102
79
61
40
39
38
37
60
78
98
129
154
129
128
127
94
93
92
76
58
30
2
0
2
1
2
3
4
5
6
7
8
9
10
11
12
13
14
15
16
17
18
19
20
21
48
49
64
83
113
146
162
178
209
239
268
281
318
352
367
402
401
433
432
431
430
429
428
427
426
425
424
448
422
388
387
386
385
384
383
382
381
380
379
378
377
376
375
374
373
372
359
324
288
273
274
275
276
291
292
293
294
295
296
297
298
299
300
335
336
337
338
339
340
366
341
307
279
257
227
196
195
172
157
134
103
80
62
79
102
101
133
156
171
194
225
255
278
306
340
365
390
423
449
476
515
516
517
518
519
520
521
522
523
524
525
526
488
450
436
403
368
353
319
282
269
240
210
179
178
163
162
147
146
114
113
84
83
65
82
110
109
140
158
173
174
159
141
110
81
63
48
47
46
45
44
43
42
41
40
39
38
37
36
35
34
33
32
31
30
29
28
27
26
25
26
54
55
56
57
30
31
32
33
34
35
36
59
77
98
130
155
170
169
190
189
188
187
186
185
184
168
153
123
91
75
92
93
94
95
96
97
98
99
100
101
102
103
104
105
106
107
108
109
110
111
112
145
160
175
206
236
235
234
233
232
231
230
229
228
227
226
225
224
223
222
221
220
219
218
217
216
215
214
183
182
166
151
121
90
89
73
72
71
70
69
87
86
85
66
50
51
52
53
69
88
117
149
116
115
86
67
52
22
23
24
23
53
69
88
117
118
117
149
165
181
212
242
272
286
323
357
371
407
443
455
493
532
547
546
545
530
531
493
456
457
458
459
460
461
462
463
464
465
466
467
468
469
470
471
472
473
474
475
476
477
478
479
480
481
482
483
484
485
486
487
486
523
522
521
520
519
518
517
516
515
514
513
512
511
510
509
508
507
506
505
504
503
502
501
500
499
498
497
496
495
494
493
492
454
442
406
370
356
322
285
271
241
211
180
164
148
116
87
68
69
70
71
72
73
74
90
121
152
167
183
213
214
243
244
245
246
247
248
249
250
251
252
253
254
255
256
257
258
259
260
261
262
263
264
265
266
267
268
269
270
283
320
354
369
404
437
451
489
527
542
572
571
570
569
568
567
566
565
564
563
562
561
560
559
558
557
556
555
554
553
552
551
550
549
548
535
502
501
462
444
409
410
411
412
413
414
415
416
417
418
419
420
421
422
423
424
425
426
427
428
429
430
431
432
433
434
435
436
437
438
439
440
441
440
439
453
491
529
544
574
598
621
620
619
618
617
616
615
614
613
612
611
610
609
608
607
606
605
604
603
602
601
600
599
576
575
551
537
504
465
464
463
445
411
412
380
381
382
383
384
385
386
387
388
389
390
391
392
393
394
395
396
397
398
399
400
401
402
403
404
405
438
452
490
528
543
573
597
596
595
594
593
592
591
590
589
588
587
586
585
584
583
582
581
580
579
578
577
576
551
537
504
465
464
463
446
410
376
363
362
361
360
359
358
357
356
355
321
284
285
286
287
288
289
290
291
292
293
294
295
296
297
298
299
300
301
302
303
304
305
306
307
308
309
310
311
312
313
314
315
316
317
280
267
237
207
176
206
205
204
203
202
201
200
199
198
197
196
195
194
193
192
191
190
189
188
187
186
185
184
167
151
150
120
119
120
121
122
123
124
125
126
127
128
129
130
131
132
133
134
135
136
137
138
139
140
141
142
143
144
145
161
177
208
238
267
280
317
351
350
349
348
347
346
345
344
343
342
341
340
339
338
337
336
335
334
333
332
331
330
329
328
327
326
325
362
375
408
409
444
462
501
533
534
