99
98
77
78
60
59
36
37
10
9
8
35
34
7
6
33
32
5
4
31
30
3
29
2
0
2
1
28
56
57
58
76
75
91
92
93
94
95
96
97
130
155
170
191
221
222
192
193
223
224
194
195
196
197
227
228
198
199
229
258
257
256
255
226
225
254
253
252
251
250
249
220
219
218
248
247
246
245
216
215
244
243
214
213
183
182
166
167
152
153
168
184
185
186
187
217
188
189
190
169
154
129
128
127
126
125
124
123
122
121
151
150
120
119
120
89
90
74
55
27
26
25
26
54
73
72
71
70
69
53
23
24
23
22
52
68
67
51
50
66
85
86
115
116
87
88
117
118
117
149
165
148
164
180
181
212
211
241
242
272
271
285
284
322
321
355
356
370
406
407
371
357
358
357
323
286
287
288
324
359
372
373
360
361
374
362
325
291
276
275
274
273
289
290
291
292
293
294
295
296
330
329
328
327
326
363
376
375
408
409
410
377
378
379
380
381
382
383
384
385
418
417
416
415
414
413
412
411
446
463
462
445
444
461
460
459
458
457
456
455
443
442
454
492
531
530
545
546
547
532
493
494
495
496
497
498
499
500
501
533
534
502
464
465
466
504
503
535
548
549
536
537
505
467
468
469
470
471
472
473
474
447
422
421
420
419
386
387
388
389
364
365
390
423
448
449
424
391
366
341
340
339
338
337
336
335
334
333
332
331
297
298
299
300
301
302
303
304
305
306
277
278
279
307
308
342
343
309
310
311
344
345
346
312
313
347
348
314
315
349
350
316
317
351
352
353
368
367
402
401
400
399
398
397
396
395
394
393
392
425
426
427
428
429
430
431
432
433
434
435
436
450
451
489
488
526
525
487
486
524
523
485
484
522
521
483
482
520
519
481
480
518
517
479
478
516
515
477
476
475
513
514
541
559
583
582
581
580
556
557
558
540
539
512
511
510
509
508
507
506
538
550
551
575
552
576
599
600
601
578
577
553
554
555
579
602
603
604
605
606
607
584
560
561
585
608
609
586
562
563
587
610
611
588
564
565
566
590
589
612
622
623
613
614
615
616
617
618
595
594
593
592
591
567
568
569
570
571
596
572
542
527
528
543
573
597
619
620
621
598
574
544
529
491
490
452
453
439
440
441
440
439
438
405
437
403
404
369
354
320
319
318
282
283
270
269
268
281
280
267
266
265
264
263
234
204
205
235
236
206
207
237
238
208
209
239
240
210
179
178
163
177
176
175
160
145
161
162
147
146
114
113
84
112
144
143
142
111
82
83
65
64
49
63
81
110
109
141
159
174
202
232
203
233
262
261
260
259
230
231
200
201
173
158
140
108
107
106
139
138
137
105
104
136
135
103
80
62
41
42
43
44
45
46
47
48
21
20
19
18
17
16
15
14
13
12
11
38
39
40
61
79
102
134
157
172
171
156
133
101
100
132
131
99
