573
543
528
490
489
488
487
486
485
484
483
482
481
480
479
478
477
476
475
474
473
472
471
470
469
468
467
466
465
464
463
462
461
460
459
458
457
456
455
443
407
371
357
323
286
272
242
212
181
165
149
148
116
115
116
117
118
117
88
87
86
85
66
50
51
52
53
23
24
23
22
52
67
68
69
70
71
72
73
74
90
89
120
150
120
119
120
121
151
166
182
183
213
214
243
244
245
246
247
248
249
250
251
252
253
254
255
256
257
258
259
260
261
262
263
264
265
266
267
280
267
238
208
177
162
147
161
175
160
145
113
112
144
143
142
141
140
139
138
137
136
135
134
133
132
131
130
129
128
127
126
125
124
123
122
152
167
183
214
215
216
217
218
219
220
221
222
223
224
225
226
227
228
229
230
231
232
233
234
235
236
237
207
176
161
146
114
113
84
83
65
64
49
64
82
111
110
81
63
48
21
20
19
18
17
16
15
14
13
12
11
10
9
8
7
6
5
4
3
2
0
2
1
28
56
55
54
26
25
26
27
28
29
57
75
91
123
153
168
184
185
186
187
188
189
190
169
154
155
170
191
192
193
194
195
196
197
198
199
200
199
198
197
196
195
172
171
156
157
134
102
101
100
99
78
60
59
77
98
97
96
95
94
93
92
76
58
30
31
32
33
34
35
36
37
38
39
40
41
42
43
44
45
46
47
19
18
17
16
15
41
61
79
62
80
103
104
105
106
107
108
109
141
159
174
158
173
201
202
203
204
205
206
207
208
239
269
270
283
320
354
369
404
405
438
439
440
441
440
439
438
437
436
435
434
433
432
431
430
429
428
427
426
425
392
393
394
395
396
397
398
399
400
401
402
367
352
351
350
349
348
347
346
345
344
343
342
341
307
279
278
277
305
304
303
302
301
300
299
298
297
296
295
294
293
292
291
290
289
288
324
288
287
288
273
274
275
276
291
325
362
361
360
359
358
357
356
355
321
284
285
271
241
211
180
164
180
211
241
271
285
322
356
370
406
442
454
492
531
530
545
546
547
532
493
494
495
496
497
498
499
500
501
502
503
504
505
506
507
508
509
510
511
512
513
514
515
516
517
518
519
520
521
522
523
524
525
526
527
542
572
571
570
569
568
567
566
565
564
563
562
561
560
559
558
557
556
555
554
553
552
551
550
549
548
536
537
538
537
536
535
534
533
501
463
446
445
444
409
408
375
374
373
372
373
374
375
376
377
378
379
380
381
382
383
384
385
386
387
388
389
422
421
420
419
418
417
416
415
414
413
412
411
410
409
376
363
326
327
328
329
330
331
332
333
334
335
336
337
338
339
364
365
366
391
424
449
476
514
541
540
539
512
474
447
448
423
390
365
340
306
307
308
309
310
311
312
313
314
315
316
317
318
281
268
239
209
178
163
178
179
210
240
269
282
319
353
368
403
436
450
451
452
453
491
529
544
574
598
621
620
619
618
617
616
615
614
613
623
622
612
611
610
609
608
607
606
605
604
603
602
601
600
599
576
575
576
577
578
579
580
581
582
583
584
585
586
587
588
589
590
591
592
593
594
595
596
597
573
