515
477
478
479
480
481
482
483
484
485
486
487
488
450
436
435
434
433
432
431
430
429
428
427
426
425
424
449
476
514
541
540
513
475
448
423
390
389
388
387
386
385
384
383
382
381
380
379
378
377
410
411
412
413
414
415
416
417
418
419
420
421
422
447
474
473
472
471
470
508
509
510
511
512
539
557
558
559
560
584
585
561
562
586
587
563
564
565
566
567
590
591
592
568
569
593
594
570
571
572
595
596
597
573
543
542
528
490
452
438
439
440
441
440
439
453
491
529
544
574
598
621
620
619
618
617
616
615
614
613
623
622
612
589
588
611
610
609
608
607
606
583
582
605
604
581
580
603
602
601
600
599
576
577
578
579
556
555
554
553
552
575
551
538
537
536
550
549
548
535
534
533
502
503
504
505
506
507
469
468
467
466
465
464
501
500
499
498
497
496
495
494
493
532
547
546
545
530
531
492
454
442
406
370
356
355
321
284
322
323
286
285
271
241
272
242
212
211
180
181
165
164
148
149
117
118
117
88
68
67
87
116
115
86
85
66
50
51
52
22
23
24
23
53
69
70
71
72
73
89
120
119
120
150
151
152
167
166
182
183
213
214
243
244
245
246
247
248
219
189
188
218
217
187
186
185
216
215
184
168
153
122
121
90
74
55
54
26
25
26
27
28
1
2
0
2
29
56
57
75
91
123
124
125
126
127
128
129
130
131
132
133
156
171
194
224
223
193
192
222
221
191
170
155
154
169
190
220
249
250
251
252
253
254
225
226
227
228
229
230
231
232
233
234
235
205
204
203
202
174
159
158
173
201
200
199
198
197
196
195
172
157
134
135
136
137
138
106
105
104
103
102
101
100
99
78
60
37
36
59
77
98
97
96
95
94
93
92
76
58
30
3
4
5
31
32
33
6
7
34
35
8
9
10
11
38
39
12
13
40
61
79
80
62
41
14
15
42
43
16
17
44
45
18
19
46
47
20
21
48
49
64
63
81
82
65
83
84
112
111
110
109
108
107
139
140
141
142
143
144
113
114
146
147
162
163
162
161
145
160
175
206
207
176
177
208
209
178
179
210
240
239
268
281
282
269
270
283
320
354
369
368
367
352
353
319
318
351
350
349
348
347
313
314
315
316
317
280
267
238
237
236
266
265
264
263
262
261
260
259
258
257
279
256
255
277
278
306
307
308
309
310
311
312
346
345
344
343
342
341
340
305
304
303
302
301
300
299
298
297
296
295
294
293
292
291
276
275
290
289
274
273
288
287
288
324
359
358
357
371
407
443
455
456
457
458
459
460
461
462
463
446
445
444
409
376
408
375
374
373
372
360
361
362
363
325
326
327
328
329
330
331
332
333
334
335
336
337
338
339
364
365
366
391
392
393
394
395
396
397
398
399
400
401
402
403
404
405
437
451
489
527
526
525
524
523
522
521
520
519
518
517
516
515
