516
515
514
513
512
511
510
509
508
507
506
505
504
503
502
501
500
499
498
497
496
495
494
493
492
454
442
406
370
356
322
285
271
241
211
180
164
148
116
87
68
52
22
23
24
23
53
69
88
117
118
117
116
115
86
85
66
50
51
52
53
69
88
117
149
165
181
212
242
272
286
323
357
371
407
443
455
493
532
547
546
545
530
531
493
494
495
496
497
498
499
500
501
533
534
535
536
537
538
506
507
508
509
510
511
512
540
541
514
476
449
424
391
366
341
307
279
256
226
195
172
157
134
102
79
61
40
39
38
37
60
59
77
98
130
155
170
169
190
189
188
187
186
185
184
168
152
121
89
73
54
55
56
57
75
92
93
94
95
96
129
154
129
98
78
99
100
133
156
171
194
224
254
255
277
305
339
364
389
422
447
474
473
472
471
470
469
468
467
466
465
464
463
462
461
460
459
458
457
456
455
442
406
370
356
355
321
284
285
271
241
211
180
164
148
116
86
67
68
69
70
71
72
73
74
90
121
151
166
182
183
213
214
243
244
245
246
247
248
249
250
251
252
253
254
255
256
257
258
259
260
261
262
263
264
265
266
237
207
206
205
204
203
202
174
159
141
110
81
110
141
158
173
201
200
199
198
197
196
195
194
193
192
191
190
189
188
187
186
185
184
167
151
150
120
119
120
121
122
123
124
125
126
127
128
129
130
131
132
133
134
135
136
137
138
139
140
141
142
143
144
145
160
176
208
238
267
280
317
316
315
314
313
312
311
310
309
308
307
306
305
304
303
302
301
300
299
298
297
296
295
294
293
292
291
290
289
288
287
286
323
357
358
359
360
361
362
375
409
445
463
501
534
535
548
549
550
551
552
553
554
555
556
557
558
559
560
561
562
563
564
565
566
567
568
569
570
571
572
542
527
489
452
439
440
441
440
439
438
437
436
435
434
433
432
431
430
429
428
427
426
425
424
423
422
421
420
419
418
417
416
415
414
413
412
411
410
409
408
375
362
325
291
276
275
274
273
288
324
359
372
373
374
375
376
377
378
379
380
381
382
383
384
385
386
387
388
389
390
391
392
393
394
395
396
397
398
399
400
401
402
367
352
318
281
268
239
209
178
162
146
113
83
64
48
47
46
45
44
43
42
41
62
80
102
134
157
172
195
225
255
278
306
340
365
390
423
448
475
476
477
478
479
480
481
482
483
484
485
486
487
488
451
452
490
528
543
573
597
619
618
617
616
615
614
613
623
622
612
611
610
586
585
560
559
540
539
512
473
472
471
470
469
468
467
466
465
464
463
446
445
444
409
376
363
326
327
328
329
330
331
332
333
334
335
336
337
338
339
340
341
342
343
344
345
346
347
348
349
350
351
352
367
403
404
405
438
453
491
529
544
574
598
621
620
619
618
617
616
615
614
613
612
611
610
609
608
607
606
605
604
603
602
601
600
599
576
575
576
577
578
579
580
581
582
583
584
585
586
587
588
589
590
591
592
593
594
595
596
572
542
527
489
451
437
404
369
354
320
283
270
269
240
209
177
161
145
112
111
110
109
108
107
106
105
104
103
102
101
100
99
98
97
96
95
94
93
92
76
58
29
2
0
2
29
57
75
91
123
153
167
183
214
215
216
217
218
219
220
221
222
223
224
225
226
227
228
229
230
231
232
233
234
235
236
206
175
160
145
112
82
63
48
47
46
45
44
43
42
41
40
39
38
37
36
35
34
33
32
31
30
29
28
27
26
25
26
27
28
1
2
3
4
5
6
7
8
9
10
11
12
13
14
15
16
17
18
19
20
21
48
49
64
65
83
84
113
114
146
147
162
163
178
179
210
240
269
282
319
353
368
403
436
450
488
526
525
524
523
522
521
520
519
518
517
516
