418
385
386
419
420
387
388
421
422
447
475
474
473
472
511
510
509
471
470
508
507
469
468
467
505
506
538
537
536
535
548
549
550
551
575
576
552
553
554
578
577
599
600
601
602
579
555
556
557
539
512
513
514
515
477
476
449
448
423
424
425
426
427
394
393
392
391
366
341
342
343
344
345
346
347
348
349
350
351
352
367
368
403
402
401
400
399
398
397
396
395
428
429
430
431
432
433
434
435
436
437
451
450
489
488
487
486
485
484
483
482
481
480
479
478
516
517
518
519
520
521
522
523
524
525
526
527
542
572
571
570
569
568
567
566
589
565
564
563
562
561
560
559
541
540
558
582
581
580
603
604
605
606
583
584
607
608
585
586
609
610
587
588
611
612
622
623
613
590
591
614
615
592
593
616
617
594
595
618
619
596
597
620
621
598
574
573
543
544
529
528
490
491
453
439
440
441
440
439
452
438
405
404
369
354
320
353
319
282
283
270
269
268
239
209
240
210
179
178
163
177
208
238
237
207
176
161
162
147
146
114
113
84
83
65
82
111
112
143
144
145
160
175
206
236
235
205
204
203
202
232
261
262
233
234
263
264
265
266
267
280
281
318
317
316
315
314
313
312
311
310
309
308
307
279
278
256
257
228
227
226
196
197
198
199
200
230
229
258
259
260
231
201
173
174
159
158
140
139
138
137
136
104
105
106
107
108
109
141
142
110
81
63
64
49
48
21
20
47
46
19
18
45
44
17
16
43
42
15
14
41
62
61
40
13
12
39
38
11
10
9
37
60
59
36
35
8
7
34
33
6
5
32
31
4
3
30
58
76
75
57
29
2
0
2
1
28
56
55
27
26
25
26
54
73
72
73
74
90
89
120
119
120
150
151
121
122
152
167
166
182
183
213
214
243
244
245
246
217
187
186
216
215
185
184
168
153
123
91
92
124
125
93
94
126
127
95
96
128
129
97
98
77
78
99
100
101
102
79
80
103
135
134
157
172
171
156
133
132
131
130
155
154
170
169
190
220
219
189
188
218
247
248
249
250
251
222
221
191
192
193
194
195
225
224
223
252
253
254
255
277
305
306
340
365
390
389
364
339
338
304
303
337
336
335
302
301
300
334
333
299
298
332
331
297
296
330
329
295
294
328
327
293
292
291
276
275
290
289
274
273
288
324
359
358
357
323
286
287
286
272
242
212
181
165
149
117
118
117
88
69
70
71
70
69
53
23
24
23
22
52
68
67
51
50
66
85
86
87
115
116
148
164
180
211
241
271
285
322
284
321
355
356
370
371
407
406
443
442
454
492
531
530
545
546
547
532
493
455
456
494
495
457
458
496
497
459
460
498
499
500
501
533
534
502
503
504
466
465
464
463
446
411
410
445
462
461
444
409
408
375
374
373
372
360
361
362
325
326
363
376
377
378
379
412
413
380
381
414
382
415
416
383
384
417
418
