436
403
402
435
434
401
400
433
432
399
431
398
397
430
429
396
395
428
427
394
393
426
425
392
391
366
341
342
343
344
345
346
347
348
349
350
351
317
316
315
314
313
312
311
310
309
308
307
279
257
258
259
260
261
232
233
203
202
174
159
141
140
158
173
201
231
230
200
199
229
228
198
197
196
195
225
226
227
256
278
277
255
254
253
224
194
193
192
191
170
190
169
154
155
130
131
132
100
99
78
77
98
97
129
128
96
95
127
126
94
93
125
124
123
91
92
76
75
58
57
56
55
74
90
121
122
152
153
168
184
185
215
216
186
187
217
218
188
189
219
220
221
222
223
252
251
250
249
248
247
246
245
244
243
214
213
183
182
167
166
151
150
120
119
120
89
73
54
26
25
26
27
28
1
2
0
2
29
30
3
4
31
32
5
6
33
34
7
35
8
9
36
59
60
37
10
11
38
39
12
13
14
15
16
17
18
19
20
21
47
46
45
44
43
42
41
40
61
62
80
79
102
101
133
156
171
172
157
134
135
103
104
136
137
105
106
138
139
107
108
109
110
142
143
144
112
111
82
81
63
48
49
64
65
83
84
113
114
146
145
160
175
176
161
147
162
163
178
177
208
238
237
207
206
236
235
205
204
234
262
263
264
265
266
267
280
318
352
367
368
353
319
282
281
268
239
209
179
210
240
269
270
283
320
354
369
404
405
438
437
451
452
439
440
441
440
439
453
491
529
544
574
573
597
598
621
620
619
596
595
618
617
594
593
616
615
592
591
614
613
623
622
612
611
610
609
586
585
608
607
606
605
582
583
584
560
561
562
563
587
588
564
565
589
590
566
567
568
569
570
571
572
542
543
528
490
489
527
526
525
524
523
522
521
520
519
518
517
516
515
514
513
541
559
558
540
539
557
556
580
581
604
603
602
579
555
554
578
601
600
599
577
553
552
576
575
551
550
537
538
506
505
504
536
549
548
535
534
533
501
500
462
445
444
461
499
498
460
459
497
496
458
457
495
494
456
455
493
532
547
546
545
530
531
492
454
442
443
407
406
370
371
357
323
322
356
355
321
284
285
271
241
211
180
164
148
116
115
86
87
68
67
85
66
50
51
52
22
23
24
23
53
69
70
71
72
71
70
69
88
117
118
117
149
165
181
212
242
272
286
287
288
273
274
275
276
290
289
288
324
359
358
359
372
373
360
361
374
375
408
409
410
377
376
363
362
325
291
292
326
327
293
294
328
329
295
296
330
331
297
298
332
333
299
334
300
301
335
336
302
303
337
338
304
305
306
340
339
364
365
390
389
388
421
420
387
386
419
418
385
384
417
416
383
382
415
414
381
380
413
412
379
378
411
446
463
464
502
503
465
466
467
468
469
507
508
470
471
509
510
472
473
511
512
474
447
422
423
424
449
448
475
476
477
478
479
480
481
482
483
484
485
486
487
488
450
436
