61
40
39
38
37
60
78
77
59
36
35
34
33
32
31
30
29
28
27
26
25
26
54
55
56
57
58
76
92
93
94
95
96
97
98
99
100
101
133
156
171
156
133
132
131
130
155
170
191
192
193
194
195
196
197
198
199
200
201
173
158
140
108
107
106
105
104
105
106
139
138
137
136
135
103
80
62
41
42
43
44
45
46
47
48
49
64
65
64
82
83
84
113
114
146
147
162
177
208
238
267
280
317
351
350
349
348
347
346
345
344
343
342
341
340
339
338
337
336
335
334
333
332
331
330
329
328
327
326
363
376
377
378
379
380
381
382
383
384
385
386
387
388
389
390
391
366
365
364
389
422
447
448
449
424
392
393
394
395
396
397
398
399
400
401
402
367
352
318
281
268
239
209
178
163
178
179
210
240
269
282
319
353
368
403
436
450
451
452
453
491
529
544
574
598
621
620
619
618
617
616
615
614
613
623
622
612
611
610
609
608
607
606
605
604
603
602
601
600
599
576
575
576
577
578
579
580
581
582
583
584
585
586
587
588
589
590
591
592
593
594
595
596
597
573
543
542
572
571
570
569
568
567
566
565
564
563
562
561
560
559
541
540
539
558
557
556
555
554
553
552
551
550
549
548
536
537
538
537
536
535
534
533
501
463
446
445
444
461
460
459
458
457
494
495
496
497
498
499
500
501
502
503
504
505
506
507
508
509
510
511
512
513
514
515
516
517
518
519
520
521
522
523
524
525
526
527
528
490
489
488
487
486
485
484
483
482
481
480
479
478
477
476
475
474
473
472
471
470
469
468
467
466
465
464
463
462
461
460
459
458
457
456
455
493
532
547
546
545
530
531
492
454
442
406
370
356
322
285
271
241
211
180
164
148
116
86
67
51
50
66
85
86
115
116
117
118
117
149
165
181
212
242
272
242
212
181
165
149
117
88
87
68
52
22
23
24
23
53
69
70
71
72
73
74
90
89
120
150
120
119
120
121
122
123
124
125
126
127
128
129
154
169
190
189
188
187
186
185
184
168
153
123
91
75
57
29
2
0
2
1
2
3
4
5
6
7
8
9
10
11
12
13
14
15
16
17
18
19
20
21
48
63
81
110
142
143
144
145
160
175
206
205
204
203
202
174
159
141
109
110
111
112
113
146
161
176
207
237
236
235
234
233
232
231
230
229
228
227
226
225
224
223
222
221
220
219
218
217
216
215
214
183
182
166
151
152
167
183
213
214
243
244
245
246
247
248
249
250
251
252
253
254
255
256
257
258
259
260
261
262
263
264
265
266
267
268
269
270
283
320
354
369
404
405
438
439
440
441
440
439
438
437
436
435
434
433
432
431
430
429
428
427
426
425
424
423
422
421
420
419
418
417
416
415
414
413
412
411
410
409
408
375
362
325
291
276
275
274
273
288
324
359
372
373
374
361
360
359
358
357
323
357
371
407
443
406
370
356
355
321
284
285
286
287
288
289
290
291
292
293
294
295
296
297
298
299
300
301
302
303
304
305
306
307
308
309
310
311
312
313
314
315
316
315
314
313
312
311
310
309
308
307
279
278
277
255
225
195
172
157
134
102
79
61
