1 100
10 100
11 141

0 100
2 100
10 141
11 100
12 141

1 100
3 100
11 141
12 100
13 141

2 100
4 100
12 141
13 100
14 141

3 100
5 100
13 141
14 100
15 141

4 100
6 100
14 141
15 100

5 100
7 100

6 100

9 100
17 100
18 141

8 100
10 100
17 141
18 100
19 141

0 100
1 141
9 100
11 100
18 141
19 100
20 141

0 141
1 100
2 141
10 100
12 100
19 141
20 100

1 141
2 100
3 141
11 100
13 100

2 141
3 100
4 141
12 100
14 100

3 141
4 100
5 141
13 100
15 100

4 141
5 100
14 100

17 100
21 100
22 141

8 100
9 141
16 100
18 100
21 141
22 100
23 141

8 141
9 100
10 141
17 100
19 100
22 141
23 100
24 141

9 141
10 100
11 141
18 100
20 100
23 141
24 100

10 141
11 100
19 100

16 100
17 141
22 100

16 141
17 100
18 141
21 100
23 100
25 100
26 141

17 141
18 100
19 141
22 100
24 100
25 141
26 100

18 141
19 100
23 100

22 100
23 141
26 100

22 141
23 100
25 100

