2 100

2 100
28 100
29 141

0 100
1 100
3 100
28 141
29 100
30 141

2 100
4 100
29 141
30 100
31 141

3 100
5 100
30 141
31 100
32 141

4 100
6 100
31 141
32 100
33 141

5 100
7 100
32 141
33 100
34 141

6 100
8 100
33 141
34 100
35 141

7 100
9 100
34 141
35 100
36 141

8 100
10 100
35 141
36 100
37 141

9 100
11 100
36 141
37 100
38 141

10 100
12 100
37 141
38 100
39 141

11 100
13 100
38 141
39 100
40 141

12 100
14 100
39 141
40 100
41 141

13 100
15 100
40 141
41 100
42 141

14 100
16 100
41 141
42 100
43 141

15 100
17 100
42 141
43 100
44 141

16 100
18 100
43 141
44 100
45 141

17 100
19 100
44 141
45 100
46 141

18 100
20 100
45 141
46 100
47 141

19 100
21 100
46 141
47 100
48 141

20 100
47 141
48 100

23 100
52 100
53 141

22 100
24 100
52 141
53 100

23 100

26 100

25 100
27 100
54 100
55 141

26 100
28 100
54 141
55 100
56 141

1 100
2 141
27 100
29 100
55 141
56 100
57 141

1 141
2 100
3 141
28 100
30 100
56 141
57 100
58 141

2 141
3 100
4 141
29 100
31 100
57 141
58 100

3 141
4 100
5 141
30 100
32 100

4 141
5 100
6 141
31 100
33 100

5 141
6 100
7 141
32 100
34 100

6 141
7 100
8 141
33 100
35 100

7 141
8 100
9 141
34 100
36 100

8 141
9 100
10 141
35 100
37 100
59 100
60 141

9 141
10 100
11 141
36 100
38 100
59 141
60 100

10 141
11 100
12 141
37 100
39 100

11 141
12 100
13 141
38 100
40 100

12 141
13 100
14 141
39 100
41 100
61 100
62 141

13 141
14 100
15 141
40 100
42 100
61 141
62 100

14 141
15 100
16 141
41 100
43 100

15 141
16 100
17 141
42 100
44 100

16 141
17 100
18 141
43 100
45 100

17 141
18 100
19 141
44 100
46 100

18 141
19 100
20 141
45 100
47 100

19 141
20 100
21 141
46 100
48 100

20 141
21 100
47 100
49 100
63 100
64 141

48 100
63 141
64 100

51 100
66 100
67 141

50 100
52 100
66 141
67 100
68 141

22 100
23 141
51 100
53 100
67 141
68 100
69 141

22 141
23 100
52 100
68 141
69 100

26 100
27 141
55 100
73 100
74 141

26 141
27 100
28 141
54 100
56 100
73 141
74 100

27 141
28 100
29 141
55 100
57 100

28 141
29 100
30 141
56 100
58 100
75 100
76 141

29 141
30 100
57 100
75 141
76 100

36 100
37 141
60 100
77 100
78 141

36 141
37 100
59 100
77 141
78 100

40 100
41 141
62 100
79 100
80 141

40 141
41 100
61 100
79 141
80 100

48 100
49 141
64 100
81 100
82 141

48 141
49 100
63 100
65 100
81 141
82 100
83 141

64 100
82 141
83 100

50 100
51 141
67 100
85 100
86 141

50 141
51 100
52 141
66 100
68 100
85 141
86 100
87 141

51 141
52 100
53 141
67 100
69 100
86 141
87 100
88 141

52 141
53 100
68 100
70 100
87 141
88 100

69 100
71 100

70 100
72 100

71 100
73 100

54 100
55 141
72 100
74 100
89 100
90 141

54 141
55 100
73 100
89 141
90 100

57 100
58 141
76 100
91 100
92 141

57 141
58 100
75 100
91 141
92 100

59 100
60 141
78 100
98 100
99 141

59 141
60 100
77 100
98 141
99 100

61 100
62 141
80 100
102 100
103 141

61 141
62 100
79 100
102 141
103 100

63 100
64 141
82 100
110 100
111 141

63 141
64 100
65 141
81 100
83 100
110 141
111 100
112 141

64 141
65 100
82 100
84 100
111 141
112 100
113 141

83 100
112 141
113 100

66 100
67 141
86 100

66 141
67 100
68 141
85 100
87 100
115 100
116 141

67 141
68 100
69 141
86 100
88 100
115 141
116 100
117 141

68 141
69 100
87 100
116 141
117 100

73 100
74 141
90 100
120 100
121 141

73 141
74 100
89 100
120 141
121 100

75 100
76 141
92 100
123 100
124 141

75 141
76 100
91 100
93 100
123 141
124 100
125 141

92 100
94 100
124 141
125 100
126 141

93 100
95 100
125 141
126 100
127 141

94 100
96 100
126 141
127 100
128 141

95 100
97 100
127 141
128 100
129 141

96 100
98 100
128 141
129 100
130 141

77 100
78 141
97 100
99 100
129 141
130 100
131 141

77 141
78 100
98 100
100 100
130 141
131 100
132 141

99 100
101 100
131 141
132 100
133 141

100 100
102 100
132 141
133 100
134 141

79 100
80 141
101 100
103 100
133 141
134 100
135 141

79 141
80 100
102 100
104 100
134 141
135 100
136 141

103 100
105 100
135 141
136 100
137 141

104 100
106 100
136 141
137 100
138 141

105 100
107 100
137 141
138 100
139 141

106 100
108 100
138 141
139 100
140 141

107 100
109 100
139 141
140 100
141 141

108 100
110 100
140 141
141 100
142 141

81 100
82 141
109 100
111 100
141 141
142 100
143 141

81 141
82 100
83 141
110 100
112 100
142 141
143 100
144 141

82 141
83 100
84 141
111 100
113 100
143 141
144 100
145 141

83 141
84 100
112 100
114 100
144 141
145 100
146 141

113 100
145 141
146 100

86 100
87 141
116 100

86 141
87 100
88 141
115 100
117 100
148 100
149 141

87 141
88 100
116 100
118 100
148 141
149 100

117 100

120 100

89 100
90 141
119 100
121 100
150 100
151 141

89 141
90 100
120 100
122 100
150 141
151 100
152 141

121 100
123 100
151 141
152 100
153 141

91 100
92 141
122 100
124 100
152 141
153 100

91 141
92 100
93 141
123 100
125 100

92 141
93 100
94 141
124 100
126 100

93 141
94 100
95 141
125 100
127 100

94 141
95 100
96 141
126 100
128 100

95 141
96 100
97 141
127 100
129 100

96 141
97 100
98 141
128 100
130 100
154 100
155 141

97 141
98 100
99 141
129 100
131 100
154 141
155 100

98 141
99 100
100 141
130 100
132 100

99 141
100 100
101 141
131 100
133 100

100 141
101 100
102 141
132 100
134 100
156 100
157 141

101 141
102 100
103 141
133 100
135 100
156 141
157 100

102 141
103 100
104 141
134 100
136 100

103 141
104 100
105 141
135 100
137 100

104 141
105 100
106 141
136 100
138 100

105 141
106 100
107 141
137 100
139 100

106 141
107 100
108 141
138 100
140 100

107 141
108 100
109 141
139 100
141 100
158 100
159 141

108 141
109 100
110 141
140 100
142 100
158 141
159 100

109 141
110 100
111 141
141 100
143 100

110 141
111 100
112 141
142 100
144 100

111 141
112 100
113 141
143 100
145 100

112 141
113 100
114 141
144 100
146 100
160 100
161 141

113 141
114 100
145 100
147 100
160 141
161 100
162 141

146 100
161 141
162 100

116 100
117 141
149 100
164 100
165 141

116 141
117 100
148 100
164 141
165 100

120 100
121 141
151 100

120 141
121 100
122 141
150 100
152 100
166 100
167 141

121 141
122 100
123 141
151 100
153 100
166 141
167 100
168 141

122 141
123 100
152 100
167 141
168 100

129 100
130 141
155 100
169 100
170 141

129 141
130 100
154 100
169 141
170 100

133 100
134 141
157 100
171 100
172 141

133 141
134 100
156 100
171 141
172 100

140 100
141 141
159 100
173 100
174 141

140 141
141 100
158 100
173 141
174 100

145 100
146 141
161 100
175 100
176 141

145 141
146 100
147 141
160 100
162 100
175 141
176 100
177 141

146 141
147 100
161 100
163 100
176 141
177 100
178 141

162 100
177 141
178 100

148 100
149 141
165 100
180 100
181 141

148 141
149 100
164 100
180 141
181 100

151 100
152 141
167 100
182 100
183 141

151 141
152 100
153 141
166 100
168 100
182 141
183 100
184 141

152 141
153 100
167 100
183 141
184 100

154 100
155 141
170 100
190 100
191 141

154 141
155 100
169 100
190 141
191 100

156 100
157 141
172 100
194 100
195 141

156 141
157 100
171 100
194 141
195 100

158 100
159 141
174 100
201 100
202 141

158 141
159 100
173 100
201 141
202 100

160 100
161 141
176 100
206 100
207 141

160 141
161 100
162 141
175 100
177 100
206 141
207 100
208 141

161 141
162 100
163 141
176 100
178 100
207 141
208 100
209 141

162 141
163 100
177 100
179 100
208 141
209 100
210 141

178 100
209 141
210 100

164 100
165 141
181 100
211 100
212 141

164 141
165 100
180 100
211 141
212 100

166 100
167 141
183 100

166 141
167 100
168 141
182 100
184 100
213 100
214 141

167 141
168 100
183 100
185 100
213 141
214 100
215 141

184 100
186 100
214 141
215 100
216 141

185 100
187 100
215 141
216 100
217 141

186 100
188 100
216 141
217 100
218 141

187 100
189 100
217 141
218 100
219 141

188 100
190 100
218 141
219 100
220 141

169 100
170 141
189 100
191 100
219 141
220 100
221 141

169 141
170 100
190 100
192 100
220 141
221 100
222 141

191 100
193 100
221 141
222 100
223 141

192 100
194 100
222 141
223 100
224 141

171 100
172 141
193 100
195 100
223 141
224 100
225 141

171 141
172 100
194 100
196 100
224 141
225 100
226 141

195 100
197 100
225 141
226 100
227 141

196 100
198 100
226 141
227 100
228 141

197 100
199 100
227 141
228 100
229 141

198 100
200 100
228 141
229 100
230 141

199 100
201 100
229 141
230 100
231 141

173 100
174 141
200 100
202 100
230 141
231 100
232 141

173 141
174 100
201 100
203 100
231 141
232 100
233 141

202 100
204 100
232 141
233 100
234 141

203 100
205 100
233 141
234 100
235 141

204 100
206 100
234 141
235 100
236 141

175 100
176 141
205 100
207 100
235 141
236 100
237 141

175 141
176 100
177 141
206 100
208 100
236 141
237 100
238 141

176 141
177 100
178 141
207 100
209 100
237 141
238 100
239 141

177 141
178 100
179 141
208 100
210 100
238 141
239 100
240 141

178 141
179 100
209 100
239 141
240 100

180 100
181 141
212 100
241 100
242 141

180 141
181 100
211 100
241 141
242 100

183 100
184 141
214 100

183 141
184 100
185 141
213 100
215 100
243 100
244 141

184 141
185 100
186 141
214 100
216 100
243 141
244 100
245 141

185 141
186 100
187 141
215 100
217 100
244 141
245 100
246 141

186 141
187 100
188 141
216 100
218 100
245 141
246 100
247 141

187 141
188 100
189 141
217 100
219 100
246 141
247 100
248 141

188 141
189 100
190 141
218 100
220 100
247 141
248 100
249 141

189 141
190 100
191 141
219 100
221 100
248 141
249 100
250 141

190 141
191 100
192 141
220 100
222 100
249 141
250 100
251 141

191 141
192 100
193 141
221 100
223 100
250 141
251 100
252 141

192 141
193 100
194 141
222 100
224 100
251 141
252 100
253 141

193 141
194 100
195 141
223 100
225 100
252 141
253 100
254 141

194 141
195 100
196 141
224 100
226 100
253 141
254 100
255 141

195 141
196 100
197 141
225 100
227 100
254 141
255 100
256 141

196 141
197 100
198 141
226 100
228 100
255 141
256 100
257 141

197 141
198 100
199 141
227 100
229 100
256 141
257 100
258 141

198 141
199 100
200 141
228 100
230 100
257 141
258 100
259 141

199 141
200 100
201 141
229 100
231 100
258 141
259 100
260 141

200 141
201 100
202 141
230 100
232 100
259 141
260 100
261 141

201 141
202 100
203 141
231 100
233 100
260 141
261 100
262 141

202 141
203 100
204 141
232 100
234 100
261 141
262 100
263 141

203 141
204 100
205 141
233 100
235 100
262 141
263 100
264 141

204 141
205 100
206 141
234 100
236 100
263 141
264 100
265 141

205 141
206 100
207 141
235 100
237 100
264 141
265 100
266 141

206 141
207 100
208 141
236 100
238 100
265 141
266 100
267 141

207 141
208 100
209 141
237 100
239 100
266 141
267 100
268 141

208 141
209 100
210 141
238 100
240 100
267 141
268 100
269 141

209 141
210 100
239 100
268 141
269 100

211 100
212 141
242 100
271 100
272 141

211 141
212 100
241 100
271 141
272 100

214 100
215 141
244 100

214 141
215 100
216 141
243 100
245 100

215 141
216 100
217 141
244 100
246 100

216 141
217 100
218 141
245 100
247 100

217 141
218 100
219 141
246 100
248 100

218 141
219 100
220 141
247 100
249 100

219 141
220 100
221 141
248 100
250 100

220 141
221 100
222 141
249 100
251 100

221 141
222 100
223 141
250 100
252 100

222 141
223 100
224 141
251 100
253 100

223 141
224 100
225 141
252 100
254 100

224 141
225 100
226 141
253 100
255 100

225 141
226 100
227 141
254 100
256 100
277 100
278 141

226 141
227 100
228 141
255 100
257 100
277 141
278 100
279 141

227 141
228 100
229 141
256 100
258 100
278 141
279 100

228 141
229 100
230 141
257 100
259 100

229 141
230 100
231 141
258 100
260 100

230 141
231 100
232 141
259 100
261 100

231 141
232 100
233 141
260 100
262 100

232 141
233 100
234 141
261 100
263 100

233 141
234 100
235 141
262 100
264 100

234 141
235 100
236 141
263 100
265 100

235 141
236 100
237 141
264 100
266 100

236 141
237 100
238 141
265 100
267 100

237 141
238 100
239 141
266 100
268 100
280 100
281 141

238 141
239 100
240 141
267 100
269 100
280 141
281 100
282 141

239 141
240 100
268 100
270 100
281 141
282 100
283 141

269 100
282 141
283 100

241 100
242 141
272 100
285 100
286 141

241 141
242 100
271 100
285 141
286 100

274 100
288 100
289 141

273 100
275 100
288 141
289 100
290 141

274 100
276 100
289 141
290 100
291 141

275 100
290 141
291 100

255 100
256 141
278 100
305 100
306 141

255 141
256 100
257 141
277 100
279 100
305 141
306 100
307 141

256 141
257 100
278 100
306 141
307 100

267 100
268 141
281 100
317 100
318 141

267 141
268 100
269 141
280 100
282 100
317 141
318 100
319 141

268 141
269 100
270 141
281 100
283 100
318 141
319 100
320 141

269 141
270 100
282 100
319 141
320 100

285 100
321 100
322 141

271 100
272 141
284 100
286 100
321 141
322 100
323 141

271 141
272 100
285 100
287 100
322 141
323 100

286 100
288 100

273 100
274 141
287 100
289 100
324 100

273 141
274 100
275 141
288 100
290 100

274 141
275 100
276 141
289 100
291 100

275 141
276 100
290 100
292 100
325 100
326 141

291 100
293 100
325 141
326 100
327 141

292 100
294 100
326 141
327 100
328 141

293 100
295 100
327 141
328 100
329 141

294 100
296 100
328 141
329 100
330 141

295 100
297 100
329 141
330 100
331 141

296 100
298 100
330 141
331 100
332 141

297 100
299 100
331 141
332 100
333 141

298 100
300 100
332 141
333 100
334 141

299 100
301 100
333 141
334 100
335 141

300 100
302 100
334 141
335 100
336 141

301 100
303 100
335 141
336 100
337 141

302 100
304 100
336 141
337 100
338 141

303 100
305 100
337 141
338 100
339 141

277 100
278 141
304 100
306 100
338 141
339 100
340 141

277 141
278 100
279 141
305 100
307 100
339 141
340 100
341 141

278 141
279 100
306 100
308 100
340 141
341 100
342 141

307 100
309 100
341 141
342 100
343 141

308 100
310 100
342 141
343 100
344 141

309 100
311 100
343 141
344 100
345 141

310 100
312 100
344 141
345 100
346 141

311 100
313 100
345 141
346 100
347 141

312 100
314 100
346 141
347 100
348 141

313 100
315 100
347 141
348 100
349 141

314 100
316 100
348 141
349 100
350 141

315 100
317 100
349 141
350 100
351 141

280 100
281 141
316 100
318 100
350 141
351 100
352 141

280 141
281 100
282 141
317 100
319 100
351 141
352 100
353 141

281 141
282 100
283 141
318 100
320 100
352 141
353 100
354 141

282 141
283 100
319 100
353 141
354 100

284 100
285 141
322 100
355 100
356 141

284 141
285 100
286 141
321 100
323 100
355 141
356 100
357 141

285 141
286 100
322 100
356 141
357 100

288 100
359 100

291 100
292 141
326 100
362 100
363 141

291 141
292 100
293 141
325 100
327 100
362 141
363 100

292 141
293 100
294 141
326 100
328 100

293 141
294 100
295 141
327 100
329 100

294 141
295 100
296 141
328 100
330 100

295 141
296 100
297 141
329 100
331 100

296 141
297 100
298 141
330 100
332 100

297 141
298 100
299 141
331 100
333 100

298 141
299 100
300 141
332 100
334 100

299 141
300 100
301 141
333 100
335 100

300 141
301 100
302 141
334 100
336 100

301 141
302 100
303 141
335 100
337 100

302 141
303 100
304 141
336 100
338 100

303 141
304 100
305 141
337 100
339 100

304 141
305 100
306 141
338 100
340 100
364 100
365 141

305 141
306 100
307 141
339 100
341 100
364 141
365 100
366 141

306 141
307 100
308 141
340 100
342 100
365 141
366 100

307 141
308 100
309 141
341 100
343 100

308 141
309 100
310 141
342 100
344 100

309 141
310 100
311 141
343 100
345 100

310 141
311 100
312 141
344 100
346 100

311 141
312 100
313 141
345 100
347 100

312 141
313 100
314 141
346 100
348 100

313 141
314 100
315 141
347 100
349 100

314 141
315 100
316 141
348 100
350 100

315 141
316 100
317 141
349 100
351 100

316 141
317 100
318 141
350 100
352 100

317 141
318 100
319 141
351 100
353 100
367 100
368 141

318 141
319 100
320 141
352 100
354 100
367 141
368 100
369 141

319 141
320 100
353 100
368 141
369 100

321 100
322 141
356 100

321 141
322 100
323 141
355 100
357 100
370 100
371 141

322 141
323 100
356 100
358 100
370 141
371 100

357 100
359 100

324 100
358 100
360 100
372 100
373 141

359 100
361 100
372 141
373 100
374 141

360 100
362 100
373 141
374 100
375 141

325 100
326 141
361 100
363 100
374 141
375 100
376 141

325 141
326 100
362 100
375 141
376 100

339 100
340 141
365 100
389 100
390 141

339 141
340 100
341 141
364 100
366 100
389 141
390 100
391 141

340 141
341 100
365 100
390 141
391 100

352 100
353 141
368 100
402 100
403 141

352 141
353 100
354 141
367 100
369 100
402 141
403 100
404 141

353 141
354 100
368 100
403 141
404 100

356 100
357 141
371 100
406 100
407 141

356 141
357 100
370 100
406 141
407 100

359 100
360 141
373 100

359 141
360 100
361 141
372 100
374 100

360 141
361 100
362 141
373 100
375 100

361 141
362 100
363 141
374 100
376 100
408 100
409 141

362 141
363 100
375 100
377 100
408 141
409 100
410 141

376 100
378 100
409 141
410 100
411 141

377 100
379 100
410 141
411 100
412 141

378 100
380 100
411 141
412 100
413 141

379 100
381 100
412 141
413 100
414 141

380 100
382 100
413 141
414 100
415 141

381 100
383 100
414 141
415 100
416 141

382 100
384 100
415 141
416 100
417 141

383 100
385 100
416 141
417 100
418 141

384 100
386 100
417 141
418 100
419 141

385 100
387 100
418 141
419 100
420 141

386 100
388 100
419 141
420 100
421 141

387 100
389 100
420 141
421 100
422 141

364 100
365 141
388 100
390 100
421 141
422 100
423 141

364 141
365 100
366 141
389 100
391 100
422 141
423 100
424 141

365 141
366 100
390 100
392 100
423 141
424 100
425 141

391 100
393 100
424 141
425 100
426 141

392 100
394 100
425 141
426 100
427 141

393 100
395 100
426 141
427 100
428 141

394 100
396 100
427 141
428 100
429 141

395 100
397 100
428 141
429 100
430 141

396 100
398 100
429 141
430 100
431 141

397 100
399 100
430 141
431 100
432 141

398 100
400 100
431 141
432 100
433 141

399 100
401 100
432 141
433 100
434 141

400 100
402 100
433 141
434 100
435 141

367 100
368 141
401 100
403 100
434 141
435 100
436 141

367 141
368 100
369 141
402 100
404 100
435 141
436 100
437 141

368 141
369 100
403 100
405 100
436 141
437 100
438 141

404 100
437 141
438 100

370 100
371 141
407 100
442 100
443 141

370 141
371 100
406 100
442 141
443 100

375 100
376 141
409 100

375 141
376 100
377 141
408 100
410 100
444 100
445 141

376 141
377 100
378 141
409 100
411 100
444 141
445 100
446 141

377 141
378 100
379 141
410 100
412 100
445 141
446 100

378 141
379 100
380 141
411 100
413 100

379 141
380 100
381 141
412 100
414 100

380 141
381 100
382 141
413 100
415 100

381 141
382 100
383 141
414 100
416 100

382 141
383 100
384 141
415 100
417 100

383 141
384 100
385 141
416 100
418 100

384 141
385 100
386 141
417 100
419 100

385 141
386 100
387 141
418 100
420 100

386 141
387 100
388 141
419 100
421 100

387 141
388 100
389 141
420 100
422 100

388 141
389 100
390 141
421 100
423 100
447 100
448 141

389 141
390 100
391 141
422 100
424 100
447 141
448 100
449 141

390 141
391 100
392 141
423 100
425 100
448 141
449 100

391 141
392 100
393 141
424 100
426 100

392 141
393 100
394 141
425 100
427 100

393 141
394 100
395 141
426 100
428 100

394 141
395 100
396 141
427 100
429 100

395 141
396 100
397 141
428 100
430 100

396 141
397 100
398 141
429 100
431 100

397 141
398 100
399 141
430 100
432 100

398 141
399 100
400 141
431 100
433 100

399 141
400 100
401 141
432 100
434 100

400 141
401 100
402 141
433 100
435 100

401 141
402 100
403 141
434 100
436 100

402 141
403 100
404 141
435 100
437 100
450 100
451 141

403 141
404 100
405 141
436 100
438 100
450 141
451 100
452 141

404 141
405 100
437 100
439 100
451 141
452 100
453 141

438 100
440 100
452 141
453 100

439 100
441 100

440 100

406 100
407 141
443 100
454 100
455 141

406 141
407 100
442 100
454 141
455 100

409 100
410 141
445 100
461 100
462 141

409 141
410 100
411 141
444 100
446 100
461 141
462 100
463 141

410 141
411 100
445 100
462 141
463 100

422 100
423 141
448 100
474 100
475 141

422 141
423 100
424 141
447 100
449 100
474 141
475 100
476 141

423 141
424 100
448 100
475 141
476 100

436 100
437 141
451 100
488 100
489 141

436 141
437 100
438 141
450 100
452 100
488 141
489 100
490 141

437 141
438 100
439 141
451 100
453 100
489 141
490 100
491 141

438 141
439 100
452 100
490 141
491 100

442 100
443 141
455 100
492 100
493 141

442 141
443 100
454 100
456 100
492 141
493 100
494 141

455 100
457 100
493 141
494 100
495 141

456 100
458 100
494 141
495 100
496 141

457 100
459 100
495 141
496 100
497 141

458 100
460 100
496 141
497 100
498 141

459 100
461 100
497 141
498 100
499 141

444 100
445 141
460 100
462 100
498 141
499 100
500 141

444 141
445 100
446 141
461 100
463 100
499 141
500 100
501 141

445 141
446 100
462 100
464 100
500 141
501 100
502 141

463 100
465 100
501 141
502 100
503 141

464 100
466 100
502 141
503 100
504 141

465 100
467 100
503 141
504 100
505 141

466 100
468 100
504 141
505 100
506 141

467 100
469 100
505 141
506 100
507 141

468 100
470 100
506 141
507 100
508 141

469 100
471 100
507 141
508 100
509 141

470 100
472 100
508 141
509 100
510 141

471 100
473 100
509 141
510 100
511 141

472 100
474 100
510 141
511 100
512 141

447 100
448 141
473 100
475 100
511 141
512 100
513 141

447 141
448 100
449 141
474 100
476 100
512 141
513 100
514 141

448 141
449 100
475 100
477 100
513 141
514 100
515 141

476 100
478 100
514 141
515 100
516 141

477 100
479 100
515 141
516 100
517 141

478 100
480 100
516 141
517 100
518 141

479 100
481 100
517 141
518 100
519 141

480 100
482 100
518 141
519 100
520 141

481 100
483 100
519 141
520 100
521 141

482 100
484 100
520 141
521 100
522 141

483 100
485 100
521 141
522 100
523 141

484 100
486 100
522 141
523 100
524 141

485 100
487 100
523 141
524 100
525 141

486 100
488 100
524 141
525 100
526 141

450 100
451 141
487 100
489 100
525 141
526 100
527 141

450 141
451 100
452 141
488 100
490 100
526 141
527 100
528 141

451 141
452 100
453 141
489 100
491 100
527 141
528 100
529 141

452 141
453 100
490 100
528 141
529 100

454 100
455 141
493 100
531 100
532 141

454 141
455 100
456 141
492 100
494 100
531 141
532 100

455 141
456 100
457 141
493 100
495 100

456 141
457 100
458 141
494 100
496 100

457 141
458 100
459 141
495 100
497 100

458 141
459 100
460 141
496 100
498 100

459 141
460 100
461 141
497 100
499 100

460 141
461 100
462 141
498 100
500 100

461 141
462 100
463 141
499 100
501 100

462 141
463 100
464 141
500 100
502 100
533 100
534 141

463 141
464 100
465 141
501 100
503 100
533 141
534 100
535 141

464 141
465 100
466 141
502 100
504 100
534 141
535 100
536 141

465 141
466 100
467 141
503 100
505 100
535 141
536 100
537 141

466 141
467 100
468 141
504 100
506 100
536 141
537 100
538 141

467 141
468 100
469 141
505 100
507 100
537 141
538 100

468 141
469 100
470 141
506 100
508 100

469 141
470 100
471 141
507 100
509 100

470 141
471 100
472 141
508 100
510 100

471 141
472 100
473 141
509 100
511 100

472 141
473 100
474 141
510 100
512 100

473 141
474 100
475 141
511 100
513 100
539 100
540 141

474 141
475 100
476 141
512 100
514 100
539 141
540 100
541 141

475 141
476 100
477 141
513 100
515 100
540 141
541 100

476 141
477 100
478 141
514 100
516 100

477 141
478 100
479 141
515 100
517 100

478 141
479 100
480 141
516 100
518 100

479 141
480 100
481 141
517 100
519 100

480 141
481 100
482 141
518 100
520 100

481 141
482 100
483 141
519 100
521 100

482 141
483 100
484 141
520 100
522 100

483 141
484 100
485 141
521 100
523 100

484 141
485 100
486 141
522 100
524 100

485 141
486 100
487 141
523 100
525 100

486 141
487 100
488 141
524 100
526 100

487 141
488 100
489 141
525 100
527 100

488 141
489 100
490 141
526 100
528 100
542 100
543 141

489 141
490 100
491 141
527 100
529 100
542 141
543 100
544 141

490 141
491 100
528 100
543 141
544 100

531 100
545 100
546 141

492 100
493 141
530 100
532 100
545 141
546 100
547 141

492 141
493 100
531 100
546 141
547 100

501 100
502 141
534 100

501 141
502 100
503 141
533 100
535 100

502 141
503 100
504 141
534 100
536 100
548 100
549 141

503 141
504 100
505 141
535 100
537 100
548 141
549 100
550 141

504 141
505 100
506 141
536 100
538 100
549 141
550 100
551 141

505 141
506 100
537 100
550 141
551 100

512 100
513 141
540 100
557 100
558 141

512 141
513 100
514 141
539 100
541 100
557 141
558 100
559 141

513 141
514 100
540 100
558 141
559 100

527 100
528 141
543 100
572 100
573 141

527 141
528 100
529 141
542 100
544 100
572 141
573 100
574 141

528 141
529 100
543 100
573 141
574 100

530 100
531 141
546 100

530 141
531 100
532 141
545 100
547 100

531 141
532 100
546 100

535 100
536 141
549 100

535 141
536 100
537 141
548 100
550 100

536 141
537 100
538 141
549 100
551 100

537 141
538 100
550 100
552 100
575 100
576 141

551 100
553 100
575 141
576 100
577 141

552 100
554 100
576 141
577 100
578 141

553 100
555 100
577 141
578 100
579 141

554 100
556 100
578 141
579 100
580 141

555 100
557 100
579 141
580 100
581 141

539 100
540 141
556 100
558 100
580 141
581 100
582 141

539 141
540 100
541 141
557 100
559 100
581 141
582 100
583 141

540 141
541 100
558 100
560 100
582 141
583 100
584 141

559 100
561 100
583 141
584 100
585 141

560 100
562 100
584 141
585 100
586 141

561 100
563 100
585 141
586 100
587 141

562 100
564 100
586 141
587 100
588 141

563 100
565 100
587 141
588 100
589 141

564 100
566 100
588 141
589 100
590 141

565 100
567 100
589 141
590 100
591 141

566 100
568 100
590 141
591 100
592 141

567 100
569 100
591 141
592 100
593 141

568 100
570 100
592 141
593 100
594 141

569 100
571 100
593 141
594 100
595 141

570 100
572 100
594 141
595 100
596 141

542 100
543 141
571 100
573 100
595 141
596 100
597 141

542 141
543 100
544 141
572 100
574 100
596 141
597 100
598 141

543 141
544 100
573 100
597 141
598 100

551 100
552 141
576 100

551 141
552 100
553 141
575 100
577 100
599 100
600 141

552 141
553 100
554 141
576 100
578 100
599 141
600 100
601 141

553 141
554 100
555 141
577 100
579 100
600 141
601 100
602 141

554 141
555 100
556 141
578 100
580 100
601 141
602 100
603 141

555 141
556 100
557 141
579 100
581 100
602 141
603 100
604 141

556 141
557 100
558 141
580 100
582 100
603 141
604 100
605 141

557 141
558 100
559 141
581 100
583 100
604 141
605 100
606 141

558 141
559 100
560 141
582 100
584 100
605 141
606 100
607 141

559 141
560 100
561 141
583 100
585 100
606 141
607 100
608 141

560 141
561 100
562 141
584 100
586 100
607 141
608 100
609 141

561 141
562 100
563 141
585 100
587 100
608 141
609 100
610 141

562 141
563 100
564 141
586 100
588 100
609 141
610 100
611 141

563 141
564 100
565 141
587 100
589 100
610 141
611 100
612 141

564 141
565 100
566 141
588 100
590 100
611 141
612 100
613 141

565 141
566 100
567 141
589 100
591 100
612 141
613 100
614 141

566 141
567 100
568 141
590 100
592 100
613 141
614 100
615 141

567 141
568 100
569 141
591 100
593 100
614 141
615 100
616 141

568 141
569 100
570 141
592 100
594 100
615 141
616 100
617 141

569 141
570 100
571 141
593 100
595 100
616 141
617 100
618 141

570 141
571 100
572 141
594 100
596 100
617 141
618 100
619 141

571 141
572 100
573 141
595 100
597 100
618 141
619 100
620 141

572 141
573 100
574 141
596 100
598 100
619 141
620 100
621 141

573 141
574 100
597 100
620 141
621 100

576 100
577 141
600 100

576 141
577 100
578 141
599 100
601 100

577 141
578 100
579 141
600 100
602 100

578 141
579 100
580 141
601 100
603 100

579 141
580 100
581 141
602 100
604 100

580 141
581 100
582 141
603 100
605 100

581 141
582 100
583 141
604 100
606 100

582 141
583 100
584 141
605 100
607 100

583 141
584 100
585 141
606 100
608 100

584 141
585 100
586 141
607 100
609 100

585 141
586 100
587 141
608 100
610 100

586 141
587 100
588 141
609 100
611 100

587 141
588 100
589 141
610 100
612 100

588 141
589 100
590 141
611 100
613 100
622 100
623 141

589 141
590 100
591 141
612 100
614 100
622 141
623 100

590 141
591 100
592 141
613 100
615 100

591 141
592 100
593 141
614 100
616 100

592 141
593 100
594 141
615 100
617 100

593 141
594 100
595 141
616 100
618 100

594 141
595 100
596 141
617 100
619 100

595 141
596 100
597 141
618 100
620 100

596 141
597 100
598 141
619 100
621 100

597 141
598 100
620 100

612 100
613 141
623 100

612 141
613 100
622 100

