18 8
13 9
14 9
15 9
16 9
17 9
18 9
19 9
20 9
21 9
22 9
10 10
11 10
12 10
21 10
22 10
9 11
10 11
19 11
20 11
21 11
22 11
23 11
9 12
15 12
16 12
17 12
18 12
19 12
23 12
9 13
14 13
15 13
23 13
9 14
10 14
13 14
14 14
23 14
10 15
11 15
12 15
13 15
23 15
12 16
13 16
14 16
15 16
16 16
22 16
23 16
12 17
16 17
17 17
18 17
19 17
12 18
13 18
19 18
20 18
13 19
14 19
15 19
16 19
17 19
18 19
19 19
20 19

13 10
14 10
15 10
16 10
17 10
18 10
19 10
20 10
11 11
12 11
13 11
14 11
15 11
16 11
17 11
18 11
10 12
11 12
12 12
13 12
14 12
10 13
11 13
12 13
13 13
11 14
12 14
