59
36
35
34
33
32
31
30
58
57
56
55
54
26
25
26
27
28
29
28
55
73
89
121
122
152
167
183
214
243
244
245
246
247
248
249
250
251
252
223
193
194
225
226
256
257
258
259
260
261
233
232
231
230
229
228
227
198
199
200
201
202
203
204
203
202
174
159
158
173
201
200
199
198
197
196
195
171
156
133
100
101
102
79
61
40
14
15
16
17
18
19
20
21
48
63
81
82
112
113
114
146
161
176
207
237
236
235
263
262
234
205
206
175
160
175
206
235
264
265
266
267
268
269
270
283
320
354
353
368
403
437
436
435
434
433
432
431
430
429
428
427
426
392
391
366
365
340
339
364
389
388
387
386
385
386
387
388
387
386
385
384
383
382
415
414
413
412
411
410
409
408
375
361
360
361
362
363
326
293
294
295
296
297
298
299
300
301
335
336
337
338
339
364
390
423
448
475
512
511
474
447
474
473
472
471
470
469
468
467
506
507
508
509
510
509
508
507
506
505
504
535
548
549
550
551
552
576
599
600
601
602
603
604
605
581
556
555
554
553
552
551
538
551
575
576
577
578
579
580
581
557
539
540
541
514
476
515
516
517
518
481
482
481
480
479
478
477
478
477
514
541
559
584
607
606
583
582
558
540
513
514
541
559
560
561
562
563
564
565
566
567
568
569
570
571
572
573
597
596
595
594
593
592
591
590
589
612
611
610
609
608
585
586
587
588
611
612
622
623
613
614
615
616
617
618
619
620
621
598
574
544
543
542
527
526
525
524
523
522
521
520
519
482
483
484
485
486
487
488
489
490
489
488
487
486
485
524
525
526
527
528
529
491
453
439
440
441
440
439
438
437
450
451
452
438
405
404
369
353
319
282
269
240
210
179
178
163
178
209
239
268
281
318
317
280
267
238
208
177
162
147
146
145
144
143
142
141
140
139
138
137
136
135
134
157
172
195
171
156
171
194
224
253
254
255
278
307
308
309
310
311
312
313
314
315
316
315
314
313
312
345
344
343
342
341
306
277
305
304
303
302
303
304
305
278
279
307
308
309
344
345
346
347
348
349
350
351
352
367
402
401
400
399
398
397
396
395
394
393
392
425
424
449
424
391
365
364
389
422
421
420
419
418
417
416
382
381
380
379
378
377
409
444
445
446
463
501
533
534
502
463
445
409
376
375
374
373
372
359
324
288
287
288
289
290
275
276
291
325
326
327
328
329
330
331
332
333
334
299
298
297
296
295
294
293
292
291
290
289
274
273
288
287
286
271
241
211
180
211
241
271
285
284
321
355
356
357
358
357
323
357
371
407
443
455
456
457
458
459
460
461
462
463
464
465
466
467
468
469
470
509
508
507
506
537
536
503
502
501
500
499
498
497
496
495
494
493
532
547
546
545
530
531
492
454
442
406
370
356
322
285
286
272
242
212
181
165
164
148
116
115
86
67
52
22
23
24
23
53
52
51
50
66
85
86
87
68
88
117
118
117
149
117
88
69
70
71
72
73
74
90
120
119
120
150
151
166
182
183
213
214
215
216
217
218
219
220
221
222
192
191
190
189
188
187
186
185
184
168
153
123
91
75
76
58
30
2
0
2
1
2
3
4
5
6
7
8
9
10
11
12
13
39
38
37
60
78
99
100
133
102
79
61
40
61
80
62
41
42
43
44
45
46
47
48
49
64
65
83
84
113
83
82
111
110
109
108
107
106
105
104
103
102
101
132
131
130
129
128
127
126
125
124
92
93
94
95
96
97
129
154
169
170
155
130
98
77
59
