96
95
94
93
92
76
58
57
56
55
74
90
121
120
119
120
150
151
166
182
183
213
214
215
216
217
218
219
220
221
222
223
224
225
226
227
228
229
230
231
232
233
234
235
236
237
207
176
161
146
114
146
147
162
177
208
238
267
280
317
351
350
349
348
347
346
345
344
343
308
309
310
311
312
313
314
315
316
349
348
347
346
345
344
343
342
341
340
306
278
256
226
195
172
171
156
157
134
133
132
131
130
129
128
127
126
125
124
123
122
152
167
183
214
243
244
245
246
247
248
249
250
251
252
253
254
255
277
305
304
303
302
301
300
299
298
297
296
295
294
293
292
291
290
289
288
287
286
285
284
321
355
356
370
406
443
455
456
494
495
496
497
498
499
500
501
502
503
504
536
549
548
535
534
533
501
463
446
445
444
461
460
459
458
457
458
459
460
461
462
463
464
465
466
467
468
469
470
471
470
507
508
509
510
511
472
473
474
512
539
557
558
540
513
475
476
477
478
479
480
481
482
483
484
485
486
487
488
450
436
403
368
353
319
282
269
240
210
179
178
163
178
209
239
268
281
318
352
367
402
435
434
433
432
431
430
429
428
427
426
425
392
393
394
395
396
397
398
399
400
401
402
403
404
405
438
452
490
528
543
573
597
596
595
594
593
592
591
590
589
588
587
586
585
584
583
582
581
580
579
578
577
576
575
551
538
506
505
537
550
551
552
553
554
555
556
555
554
577
599
600
601
602
603
604
605
606
607
608
609
610
611
612
622
623
613
614
615
616
617
618
619
620
621
598
574
544
529
491
453
439
440
441
440
439
452
489
526
525
524
523
522
521
520
519
518
517
516
515
514
541
559
560
561
562
563
564
565
566
567
568
569
570
571
572
542
527
489
451
437
404
369
354
320
283
270
269
268
267
266
265
264
263
262
261
260
259
258
257
279
307
341
366
391
424
449
448
447
422
389
388
387
386
385
384
383
382
381
380
379
378
377
376
363
326
327
328
329
330
331
332
333
334
335
336
337
338
339
364
365
390
423
422
421
420
419
418
417
416
415
414
413
412
411
410
409
408
375
374
373
372
359
324
288
273
274
275
276
291
325
362
361
360
359
358
357
371
407
443
455
493
532
547
546
545
530
531
492
454
442
406
370
356
322
323
286
272
242
212
181
165
149
117
88
117
118
117
148
164
180
211
241
271
241
211
180
164
148
116
87
68
52
22
23
24
23
53
52
51
50
66
85
86
115
86
67
68
69
70
71
72
73
89
73
54
26
25
26
27
28
1
2
0
2
29
57
75
91
123
153
168
184
185
186
187
188
189
190
169
154
155
170
191
192
193
194
195
196
197
198
199
200
201
173
158
140
141
159
174
202
203
204
205
206
175
160
145
113
84
83
65
83
112
144
143
142
110
81
63
48
21
20
19
18
17
16
15
14
13
12
11
10
9
8
7
6
5
4
3
30
31
32
33
34
35
36
59
77
78
60
37
38
39
40
41
42
43
44
45
46
47
48
49
64
82
111
110
109
108
107
106
105
104
105
106
139
138
137
136
135
103
80
62
61
79
102
101
100
99
98
97
96
