94
93
92
76
58
57
56
55
74
90
121
120
119
120
150
151
166
182
183
213
214
215
216
217
218
219
220
221
222
223
224
225
226
227
228
229
230
231
232
233
234
235
236
237
207
176
161
146
114
146
147
162
177
208
238
267
280
317
351
350
349
348
347
346
345
344
343
308
309
310
311
312
313
314
315
316
349
348
347
346
345
344
343
342
341
340
306
278
256
226
195
172
171
156
157
134
102
79
61
62
80
103
135
136
137
138
139
106
105
104
105
106
107
108
140
158
173
201
200
199
198
197
196
195
194
193
192
191
170
155
154
169
190
189
188
187
186
185
184
168
153
123
91
75
57
29
30
31
32
33
34
35
36
59
77
78
60
37
38
39
40
41
42
43
44
45
46
47
48
63
81
110
142
143
144
112
83
65
83
84
113
145
160
175
206
205
204
203
202
174
159
141
109
110
111
82
64
49
48
21
20
19
18
17
16
15
14
13
12
11
10
9
8
7
6
5
4
3
2
0
2
1
28
27
26
25
26
54
73
89
73
72
71
70
69
68
67
86
115
86
85
66
50
51
52
53
23
24
23
22
52
68
87
116
148
164
180
211
241
271
241
211
180
164
148
117
118
117
88
117
149
165
181
212
242
272
286
323
322
356
370
406
442
454
492
531
530
545
546
547
532
493
455
443
407
371
357
358
359
360
361
374
373
372
359
324
288
273
274
275
276
291
325
362
375
408
409
410
411
412
413
414
415
416
417
418
419
420
421
422
447
422
389
388
387
386
385
384
383
382
381
380
379
378
377
376
363
326
327
328
329
330
331
332
333
334
335
336
337
338
339
364
365
390
423
448
475
513
540
558
557
539
512
474
473
472
511
510
509
508
507
470
471
470
469
468
467
466
465
464
463
462
461
460
459
458
457
458
459
460
461
444
445
446
463
501
533
534
535
548
549
536
537
550
551
552
553
554
555
556
555
554
577
599
600
601
602
603
604
605
606
607
608
609
610
611
612
622
623
613
614
615
616
617
618
619
620
621
598
574
544
529
491
453
439
440
441
440
439
452
489
526
525
524
523
522
521
520
519
518
517
516
515
514
541
559
560
561
562
563
564
565
566
567
568
569
570
571
572
542
527
489
451
437
404
369
354
320
283
270
269
268
267
266
265
264
263
262
261
260
259
258
257
279
307
341
366
391
424
449
476
477
478
479
480
481
482
483
484
485
486
487
488
450
436
403
368
353
319
282
269
240
210
179
178
163
178
209
239
268
281
318
352
367
402
435
434
433
432
431
430
429
428
427
426
425
392
393
394
395
396
397
398
399
400
401
402
403
404
405
438
452
490
528
543
573
597
596
595
594
593
592
591
590
589
588
587
586
585
584
583
582
581
580
579
578
577
576
575
551
538
506
505
504
503
502
501
500
499
498
497
496
495
494
456
455
443
406
370
356
355
321
284
285
286
287
288
289
290
291
292
293
294
295
296
297
298
299
300
301
302
303
304
305
277
255
254
253
252
251
250
249
248
247
246
245
244
243
214
183
167
152
122
123
124
125
126
127
128
129
130
131
132
133
101
100
99
98
97
96
95
94
