169
191
192
193
223
222
191
170
155
170
191
221
220
219
218
217
216
245
246
247
246
245
244
243
214
213
183
182
166
152
167
184
185
215
186
187
188
189
190
219
248
249
250
251
252
253
254
255
227
196
195
224
225
226
256
278
306
340
366
341
307
308
309
310
345
346
313
312
311
344
309
342
343
308
307
278
305
338
337
336
335
334
333
332
331
296
295
296
297
298
299
300
301
302
303
304
303
337
338
339
364
389
388
387
419
418
417
416
415
383
384
385
386
387
388
389
364
339
305
277
255
226
197
198
229
230
231
232
262
263
264
265
266
267
238
208
177
178
209
239
268
281
318
352
367
402
436
450
451
452
439
440
441
440
439
438
437
436
435
434
433
432
431
430
431
399
400
401
402
368
352
351
350
349
348
347
314
315
316
317
280
268
269
282
319
353
354
369
404
405
438
453
491
529
544
543
528
490
489
488
487
486
485
484
483
482
481
480
479
478
477
514
515
516
517
518
519
520
521
522
523
524
525
526
527
542
573
597
596
595
594
570
571
572
573
574
598
621
620
619
618
617
616
615
614
613
623
622
612
589
565
566
567
568
569
593
592
591
590
589
588
587
586
585
584
606
605
604
603
602
601
600
599
576
552
576
575
551
538
551
576
600
577
553
554
555
556
557
558
559
560
561
562
563
564
588
611
610
609
608
607
583
558
539
540
541
559
583
582
581
604
580
579
578
555
556
557
539
513
512
511
510
509
470
469
468
467
504
535
548
549
550
536
504
466
465
464
463
446
445
462
501
533
534
535
536
537
506
507
508
471
472
473
474
447
422
421
420
419
418
417
416
415
414
413
412
411
410
409
408
375
362
325
291
275
274
273
288
287
288
289
275
276
291
292
326
363
376
409
444
461
499
500
501
502
503
465
466
505
506
507
508
509
510
473
474
475
476
477
478
479
480
479
478
477
476
449
424
392
393
425
391
424
448
475
476
448
423
390
365
340
306
279
257
228
199
200
229
258
259
260
261
233
203
204
234
235
236
206
205
204
203
202
174
159
174
173
201
173
158
141
142
143
144
112
83
65
64
63
48
47
46
45
44
43
42
41
62
80
103
104
105
138
137
136
135
134
133
132
131
130
129
128
127
126
125
124
123
122
121
89
73
72
71
70
71
72
73
72
71
70
69
68
52
23
24
23
22
52
67
86
115
116
148
164
180
211
241
271
285
322
356
370
406
442
454
492
531
530
545
546
547
532
493
494
495
496
497
498
460
459
458
457
456
455
443
407
371
357
323
286
272
242
212
181
165
149
117
118
117
88
87
69
53
52
51
50
66
85
86
116
148
164
180
212
242
271
285
322
284
321
355
356
357
358
359
360
361
362
326
293
327
328
329
330
331
332
333
334
299
298
297
296
295
294
293
292
291
290
289
288
324
359
372
373
374
375
376
377
378
379
380
381
382
383
384
385
386
387
388
422
423
449
424
425
426
394
395
429
428
427
395
396
397
398
399
400
401
402
403
404
369
354
320
283
270
269
240
210
179
178
163
162
161
175
160
176
207
237
238
208
177
162
147
146
145
114
113
112
111
110
141
140
139
106
107
108
109
110
81
82
83
84
83
64
49
48
21
20
19
18
17
16
15
14
13
12
11
10
37
60
78
77
59
36
9
8
7
33
32
31
30
58
76
92
93
94
95
96
97
98
99
100
101
133
156
171
195
225
194
172
157
134
102
79
61
40
39
38
37
36
35
34
7
6
5
4
3
2
0
2
1
28
55
74
90
121
120
119
120
150
151
167
183
214
184
168
153
123
91
75
57
29
28
27
26
25
26
54
55
56
57
75
92
93
94
95
96
129
154
169
