59
77
98
129
128
127
126
125
124
92
93
94
95
96
97
130
155
170
169
154
130
131
132
100
101
102
103
104
105
106
107
108
109
110
111
112
113
114
146
161
176
207
237
236
235
204
203
202
174
159
141
142
143
144
145
146
147
162
177
208
238
267
280
317
318
281
268
239
209
178
163
178
179
210
240
269
282
319
353
352
351
350
349
348
347
346
345
344
343
342
341
306
305
304
303
302
301
300
299
298
297
296
295
294
293
292
291
276
275
290
291
325
326
327
328
329
330
331
332
333
334
335
300
299
298
297
296
295
294
293
292
291
275
274
288
287
286
272
242
212
181
165
149
117
88
117
118
117
148
164
180
211
241
271
285
322
356
370
406
442
454
492
531
530
545
546
547
532
493
494
495
496
497
498
499
500
501
502
535
548
549
550
551
552
553
554
579
603
602
601
600
599
577
554
555
556
557
558
559
560
561
562
563
564
565
566
567
568
569
570
571
572
573
574
544
529
491
453
439
440
441
440
439
452
451
450
436
403
368
367
402
401
400
399
398
397
396
395
394
393
392
425
424
449
424
391
366
365
364
389
422
447
474
473
472
471
508
509
510
511
512
513
540
558
582
581
580
579
578
577
576
575
551
538
506
505
504
537
536
503
534
533
501
463
446
410
409
376
363
362
361
360
361
375
408
409
444
445
410
411
412
413
414
415
416
417
418
419
420
421
388
389
390
391
392
426
427
428
429
430
431
432
433
434
435
403
404
405
438
437
404
369
354
320
283
270
269
268
267
266
265
264
263
262
261
260
259
258
257
279
307
308
309
310
311
312
313
314
315
316
315
314
313
312
311
310
309
310
309
308
307
306
305
304
303
302
301
300
299
298
297
296
295
294
293
292
291
290
289
273
288
324
359
372
373
374
375
376
377
378
379
380
381
382
383
384
385
386
387
388
389
364
339
338
337
336
337
338
339
340
365
390
423
448
475
514
476
477
478
479
480
481
519
520
521
522
485
486
487
488
489
490
528
543
542
527
526
525
524
523
484
483
482
481
518
517
516
478
515
514
541
559
583
606
607
608
609
610
609
610
611
612
613
614
615
616
617
618
619
620
621
598
597
596
595
594
593
592
591
590
613
623
622
612
589
588
587
586
585
584
583
605
604
581
557
539
512
474
473
472
471
470
507
469
468
467
466
465
464
463
462
461
460
459
458
457
456
455
443
407
371
357
323
357
358
357
356
355
321
284
285
271
241
211
180
164
148
116
115
86
85
66
50
51
52
53
23
24
23
22
52
67
86
87
68
69
70
71
72
73
89
120
119
120
150
151
166
182
183
213
214
215
216
217
218
219
220
221
222
223
194
171
156
172
195
196
197
198
199
200
199
198
227
255
277
278
257
256
255
254
253
252
251
250
249
248
247
246
245
244
243
214
183
167
152
122
121
90
74
55
54
26
25
26
27
28
2
0
2
1
2
3
4
5
6
7
8
9
10
11
12
13
14
41
62
80
102
101
133
134
135
136
137
138
139
140
158
173
201
202
203
204
205
206
175
160
175
206
205
234
233
232
231
230
229
228
227
226
225
224
193
192
191
190
189
188
187
186
185
184
168
153
123
91
75
76
58
57
56
29
30
31
32
33
34
35
36
37
38
39
40
41
42
43
44
45
46
47
48
49
64
65
83
84
83
82
81
63
48
21
20
19
18
17
16
15
41
62
40
61
79
102
134
157
133
132
131
99
78
60
59
