60
77
98
130
155
170
190
189
188
189
220
191
170
155
130
129
154
169
191
192
193
222
251
250
249
219
189
188
187
218
248
219
190
191
192
223
222
221
191
170
155
129
97
98
77
59
36
35
7
6
7
6
32
4
3
30
58
57
56
55
56
57
29
2
0
2
1
2
30
31
4
5
33
34
8
36
59
77
98
97
128
127
94
93
92
123
153
168
167
183
213
214
215
245
216
186
185
214
243
214
183
184
214
244
245
246
247
248
249
250
251
252
253
254
255
256
279
257
258
259
230
231
202
174
173
201
200
199
198
227
226
225
255
277
306
341
365
389
421
422
423
424
425
426
427
428
429
430
429
428
394
393
392
391
390
366
365
364
389
388
387
386
385
386
420
419
418
417
416
415
414
413
412
411
445
461
460
459
496
497
498
459
458
457
456
455
492
531
546
532
547
546
545
530
531
492
454
442
406
370
356
370
406
442
455
494
495
458
459
460
461
444
410
378
379
411
445
461
444
409
375
362
325
326
327
292
293
294
295
296
297
298
299
300
301
302
337
338
303
302
301
334
300
299
298
297
296
329
328
295
296
297
298
297
330
295
294
293
292
291
290
291
325
362
361
360
359
358
357
371
356
322
285
286
272
286
287
288
273
274
275
276
291
325
363
376
409
445
463
502
501
500
499
500
501
463
462
446
411
378
377
376
375
374
373
372
359
358
357
323
322
286
287
288
274
275
291
290
289
288
324
359
360
361
375
408
409
410
411
379
380
381
382
383
384
383
382
381
414
415
416
417
418
419
420
421
422
447
475
514
477
478
479
480
481
482
483
484
521
520
519
518
517
478
477
476
449
424
425
426
427
395
396
397
431
399
400
401
402
367
352
367
402
403
437
451
489
527
542
572
597
596
595
570
571
594
617
593
592
616
617
618
619
620
598
621
620
619
595
594
569
568
567
590
591
592
593
570
571
572
573
542
527
526
525
524
523
522
523
524
525
526
527
490
451
436
435
434
433
432
398
399
433
401
402
368
353
319
283
320
354
319
318
317
351
350
349
348
347
346
345
344
343
342
307
306
307
308
343
344
345
346
312
313
314
315
316
350
315
314
313
312
311
310
309
308
307
278
255
225
194
193
192
222
223
224
225
255
277
305
304
339
364
390
424
449
448
474
473
474
512
539
557
581
605
582
558
540
512
511
512
539
557
556
579
602
578
577
576
575
551
538
506
507
470
509
510
509
508
471
472
471
470
469
506
538
551
576
577
578
579
580
603
604
582
583
584
585
586
587
588
563
562
561
562
563
564
589
612
622
612
611
610
586
585
584
606
583
558
581
557
556
555
554
553
577
578
601
600
599
576
551
537
505
467
504
535
548
549
550
536
503
535
549
536
504
466
504
537
536
535
534
533
501
464
465
466
467
468
506
538
551
552
553
554
555
556
557
539
513
476
477
515
514
541
513
512
474
447
423
447
448
476
477
478
479
480
481
482
520
519
518
517
516
515
514
541
559
560
584
607
608
609
585
562
563
564
565
566
567
568
591
613
623
612
611
588
565
564
587
588
589
613
614
615
593
594
595
596
573
574
543
528
529
491
453
438
451
488
487
486
485
486
487
488
451
452
490
528
544
543
527
488
487
488
489
451
450
436
403
404
438
439
440
441
440
439
438
437
436
435
401
402
436
404
405
404
368
353
319
282
281
280
267
266
265
264
236
266
265
264
263
262
233
202
174
159
174
202
232
261
260
230
229
198
199
200
201
202
203
204
235
205
204
203
202
201
173
158
140
139
106
105
104
103
79
102
135
134
157
172
195
196
197
228
258
257
256
277
278
305
339
338
337
336
335
334
333
332
331
332
333
334
335
336
303
304
305
340
305
277
255
225
194
171
156
133
132
101
102
103
136
137
106
107
108
109
110
111
112
83
112
145
160
175
161
147
146
113
83
65
83
112
145
160
175
206
175
161
146
145
113
84
83
64
83
113
114
146
162
163
178
210
239
238
239
269
270
283
320
354
369
353
319
282
269
240
268
267
237
236
235
234
205
206
207
208
177
162
178
179
178
209
177
176
160
145
144
143
142
141
158
140
108
107
138
105
104
103
104
105
106
107
108
109
110
143
111
82
81
63
49
48
20
21
20
19
46
18
17
16
15
16
17
18
19
47
48
63
48
47
46
45
44
43
42
41
40
39
38
37
9
10
38
39
40
61
79
102
101
133
156
172
195
196
197
196
195
224
252
251
250
249
248
247
246
218
217
216
215
184
167
151
120
121
122
152
166
182
166
151
121
90
74
73
72
71
70
69
53
23
24
23
52
67
85
86
116
117
118
117
149
165
149
117
88
69
70
69
88
117
149
165
181
212
242
212
181
180
211
241
271
285
284
321
355
356
370
406
442
454
493
455
443
407
371
357
323
286
287
286
271
241
211
180
164
148
116
115
86
87
69
52
51
50
66
67
68
88
68
67
51
52
22
52
69
70
71
72
73
54
73
72
71
72
73
55
28
57
75
92
124
123
122
121
150
120
119
120
89
73
54
26
25
26
27
28
57
75
91
123
153
123
91
76
92
125
93
126
95
96
97
98
99
77
59
36
10
11
39
40
41
42
43
15
14
13
12
40
62
80
102
134
156
171
156
133
132
131
100
99
78
60
