137
136
135
134
157
172
195
196
226
255
278
307
308
309
308
307
306
305
304
303
302
335
336
337
338
339
304
303
302
301
300
299
298
297
296
295
328
293
292
291
275
291
292
293
294
295
296
297
332
297
296
295
294
293
326
362
375
409
444
461
498
459
458
457
456
455
454
492
455
456
457
456
493
455
443
455
494
493
531
545
531
492
454
442
406
370
356
321
285
286
287
286
322
356
370
406
442
406
370
357
323
286
287
288
274
275
276
275
274
288
324
359
358
357
323
286
271
241
211
180
164
148
149
165
181
212
241
271
285
322
285
271
241
211
180
164
148
116
86
66
50
51
52
22
52
69
70
71
72
73
72
71
70
69
68
67
52
68
87
116
148
164
180
211
242
272
286
323
357
371
407
442
454
492
531
547
532
493
494
495
496
459
460
461
462
463
464
465
504
537
551
552
553
554
555
580
604
603
579
578
577
601
579
556
557
540
514
515
476
448
422
388
387
386
385
384
383
382
381
380
379
378
377
376
375
374
373
372
373
374
375
376
377
378
379
380
381
382
383
417
418
417
416
417
418
419
420
421
422
447
474
512
539
557
556
555
554
553
554
555
556
581
605
582
558
540
514
476
449
424
391
392
393
427
394
393
392
391
390
389
421
422
448
476
477
478
477
514
540
558
559
560
561
562
563
564
565
564
563
562
561
560
559
540
512
511
510
509
508
507
506
505
504
466
505
538
505
537
550
536
503
464
463
445
409
408
375
362
325
291
275
274
289
290
291
325
326
327
328
329
330
331
332
333
300
301
302
303
336
335
334
301
302
303
304
305
278
257
229
200
201
173
158
141
110
81
63
48
47
46
45
19
18
17
16
15
14
13
12
11
10
9
8
7
33
34
35
36
37
38
39
40
61
79
103
104
105
106
107
140
158
173
201
202
203
204
205
204
235
236
237
267
281
268
238
207
175
160
145
144
143
142
141
140
158
173
158
141
110
81
63
48
20
48
64
83
113
146
145
144
143
142
141
158
173
201
230
260
230
229
228
227
226
225
224
223
222
193
194
171
156
133
102
103
104
105
104
103
102
101
100
99
98
97
96
95
94
93
92
91
123
152
167
183
184
185
186
187
188
189
190
169
190
189
188
217
186
185
184
168
153
123
91
76
58
30
31
32
33
34
8
9
10
11
12
40
61
40
39
13
14
40
39
38
37
60
78
99
98
97
96
95
94
93
92
123
122
151
152
166
182
166
151
121
90
120
119
120
89
73
54
26
25
26
54
73
72
71
70
69
88
117
118
117
88
87
67
51
67
86
116
148
164
181
165
164
180
211
241
271
285
322
356
371
406
442
454
492
531
546
532
493
456
457
458
459
460
461
444
445
462
500
499
460
461
444
409
375
361
360
359
324
359
360
361
375
409
410
411
412
413
414
415
416
417
418
419
420
421
422
423
424
425
426
392
391
365
339
305
340
366
391
424
449
476
514
541
559
560
561
562
587
611
612
622
623
613
590
566
591
615
592
568
569
570
571
572
571
594
593
592
591
590
589
590
591
592
593
594
595
596
597
596
618
595
571
595
570
569
570
571
572
542
527
488
450
436
402
367
352
317
316
315
314
313
312
311
310
309
308
341
365
390
423
448
475
474
475
476
477
476
475
474
473
472
471
470
469
468
469
470
509
508
507
506
538
551
576
600
576
551
537
504
465
464
501
500
499
498
497
496
495
456
457
458
459
460
461
444
409
375
362
325
291
275
274
273
288
287
286
322
355
356
321
284
285
323
357
358
359
360
361
375
409
445
463
464
465
466
467
468
469
508
470
471
472
473
474
447
422
389
365
341
306
305
304
305
277
255
226
195
171
156
133
100
99
78
60
37
10
36
59
77
98
130
154
169
190
189
188
187
216
244
214
183
166
151
150
120
89
73
54
27
55
74
90
121
151
167
184
185
186
187
218
187
186
185
184
167
151
121
90
74
55
28
29
30
29
28
27
26
27
28
1
29
57
29
2
0
2
3
4
32
4
3
2
29
57
75
91
123
153
168
184
185
186
187
188
218
247
248
249
250
251
252
253
254
255
277
256
257
258
259
260
261
262
263
233
202
174
159
141
110
109
108
107
106
105
104
103
102
101
100
131
132
133
156
171
194
193
192
221
190
189
188
187
186
185
184
167
151
120
89
120
151
167
184
185
184
168
153
123
92
93
94
95
96
97
98
77
59
36
9
37
59
77
98
130
155
130
98
78
99
132
100
133
156
171
195
196
197
198
199
200
201
173
158
141
110
111
112
111
110
109
141
159
174
201
231
230
229
228
227
226
225
224
194
171
156
134
135
136
135
134
156
134
135
136
137
138
139
140
158
173
202
232
201
173
158
141
142
143
144
145
160
175
206
236
265
236
237
238
239
269
240
210
179
210
178
163
178
209
239
268
281
318
352
368
404
438
439
440
441
440
439
453
438
404
368
367
402
401
400
401
402
436
450
488
527
542
572
596
620
596
572
542
527
489
451
437
404
369
353
318
317
316
317
318
282
270
269
281
317
316
315
314
313
346
347
314
315
316
317
351
318
319
282
283
319
352
367
402
368
353
318
280
267
237
206
175
206
237
267
280
317
352
367
402
401
400
432
431
430
429
428
427
426
425
424
448
474
512
539
557
556
555
554
553
552
575
576
553
554
555
556
557
540
541
559
583
607
585
562
563
564
565
566
567
568
569
570
571
572
543
544
543
572
571
570
569
568
567
566
565
564
563
564
565
566
567
568
569
570
571
572
542
527
526
527
542
572
571
594
616
617
593
568
567
566
565
564
563
562
561
560
559
541
514
477
478
479
478
477
476
513
512
511
510
473
474
447
422
389
364
339
305
278
257
229
200
201
173
158
140
139
107
106
105
104
103
79
61
40
39
38
37
36
35
36
60
36
8
36
10
11
10
9
8
7
6
5
4
3
29
56
57
58
76
92
93
126
127
96
97
98
99
100
101
102
79
62
41
42
43
44
45
46
47
48
64
65
82
110
141
159
141
110
82
83
64
48
20
19
18
17
16
42
14
13
41
42
43
44
45
46
20
21
20
19
18
17
16
15
16
44
43
42
41
62
80
103
135
134
133
132
131
130
129
128
127
126
125
124
123
122
121
89
73
72
73
54
27
28
2
3
4
3
2
28
55
73
72
71
70
69
53
23
24
23
53
69
70
69
70
71
72
73
89
121
152
168
184
215
216
246
247
248
249
250
251
252
253
254
255
278
307
308
309
344
309
308
307
278
256
277
305
338
339
364
389
422
447
474
473
474
448
424
392
393
394
395
396
429
395
394
393
392
391
390
389
388
387
388
389
390
391
392
425
391
365
341
308
307
278
256
227
256
278
307
342
341
366
391
424
449
448
447
422
389
365
341
342
343
308
307
279
257
256
255
277
305
339
364
389
422
447
474
473
472
471
472
473
474
475
476
477
478
479
480
481
520
521
522
523
524
487
488
451
488
487
486
487
488
489
490
491
528
543
573
542
527
526
525
486
485
484
523
522
483
482
481
518
517
516
515
514
540
558
582
581
580
579
578
553
552
551
537
504
465
464
463
445
410
376
363
326
327
326
363
376
377
378
379
380
379
411
446
463
501
533
501
462
461
462
463
502
535
549
535
534
535
536
537
551
552
553
554
579
580
557
539
513
476
477
516
517
518
519
520
521
520
519
518
517
516
515
514
541
559
584
608
607
606
582
557
539
512
473
472
471
470
507
508
509
510
511
512
540
559
560
561
562
563
588
612
590
591
592
593
594
595
596
597
598
573
542
528
529
528
543
573
597
621
597
572
542
527
488
487
486
485
486
487
488
450
436
403
368
353
320
319
318
317
316
315
349
314
313
312
311
310
309
308
307
279
306
340
365
390
423
448
476
477
478
517
516
515
514
541
559
560
561
562
563
588
589
590
591
592
614
613
612
611
610
586
561
560
559
558
557
580
602
601
600
599
576
551
537
505
467
468
469
470
471
472
473
474
475
476
477
478
479
480
481
482
519
480
481
482
483
484
485
486
487
488
527
543
574
543
527
488
450
436
402
401
402
367
352
351
350
349
348
313
312
345
310
309
308
307
278
255
254
255
277
306
340
365
391
392
393
394
428
395
396
397
398
399
400
401
402
403
437
452
438
404
368
352
317
280
267
237
207
176
162
146
113
112
111
110
109
108
140
158
173
201
200
199
198
228
257
279
307
308
309
310
311
312
313
314
315
350
351
352
367
403
436
450
488
527
543
528
490
452
439
438
437
436
435
434
433
432
431
430
431
399
400
401
402
368
354
369
404
437
451
489
450
436
402
401
400
399
398
397
398
399
433
434
435
436
437
438
439
440
439
438
404
368
352
317
280
267
266
265
264
235
206
175
160
145
144
143
112
84
113
145
144
143
142
141
140
139
138
137
136
135
134
156
171
194
193
222
250
220
189
190
169
154
129
98
77
59
77
98
130
155
170
191
192
193
194
225
255
277
305
339
364
389
388
387
386
385
384
383
382
381
380
379
411
446
411
378
377
376
375
374
373
361
362
326
327
328
329
328
327
326
363
376
377
411
446
463
462
461
460
497
460
461
444
409
376
363
326
292
325
362
361
360
359
324
288
287
286
271
241
211
180
164
148
116
86
85
86
115
116
86
68
53
23
53
69
70
71
72
73
74
90
121
151
166
183
214
215
245
246
247
248
249
250
251
223
194
171
157
171
194
193
192
191
190
189
188
187
186
185
184
168
153
123
92
93
94
95
96
95
94
93
124
123
122
121
120
89
73
72
71
70
69
88
117
149
165
181
212
242
272
286
287
288
289
290
291
325
362
376
377
378
379
413
412
411
445
461
460
459
458
457
456
455
442
406
442
454
492
531
530
531
492
454
442
406
370
356
322
285
272
286
287
288
289
290
291
325
362
374
361
362
326
293
294
295
330
331
332
333
334
335
336
337
338
339
364
340
307
278
256
227
197
198
199
200
201
173
158
141
110
111
112
113
114
146
147
162
177
208
176
161
175
206
205
204
233
262
261
233
234
235
236
237
267
280
267
238
209
239
268
281
318
352
367
402
435
436
404
405
437
451
489
527
542
572
571
570
569
568
591
592
593
594
595
619
595
570
569
568
567
566
565
564
587
609
585
586
585
584
583
582
581
582
583
558
540
512
511
510
509
508
507
506
505
504
535
548
535
502
463
462
444
409
376
377
378
379
380
381
382
383
384
385
386
385
384
383
382
414
415
382
383
384
385
386
387
388
389
423
390
365
340
306
278
257
258
259
229
228
227
226
225
253
223
222
221
220
190
169
154
129
98
99
100
101
133
156
171
194
193
192
191
190
220
249
219
248
247
246
245
244
243
214
213
183
166
152
123
91
75
57
30
31
30
57
75
91
123
124
125
126
127
128
129
130
131
132
133
134
102
80
62
41
42
43
17
18
19
20
48
64
49
63
81
111
112
145
160
161
177
209
240
239
267
237
207
206
236
266
236
235
234
233
232
231
230
229
258
228
197
196
195
194
193
192
191
170
154
169
191
222
252
223
194
172
171
156
133
100
99
98
97
96
95
96
97
98
99
100
101
102
103
104
137
