36
35
34
33
5
4
32
6
7
6
5
4
3
31
30
29
30
57
75
91
75
57
29
2
0
2
1
28
56
57
58
76
92
93
94
95
96
129
130
131
98
99
100
133
157
134
135
136
137
136
135
103
80
62
41
15
16
44
45
46
47
48
49
64
48
21
20
19
18
17
43
42
41
62
79
102
134
156
133
101
102
103
104
105
138
139
140
141
142
110
81
63
82
65
83
84
112
111
110
141
158
173
201
231
202
203
204
205
206
175
176
161
146
113
83
64
48
20
19
18
17
16
15
14
13
39
11
10
9
8
36
59
37
60
78
77
98
97
96
95
96
97
130
131
132
133
156
171
194
225
253
252
251
250
249
248
247
248
219
190
191
192
193
194
172
194
193
192
191
170
154
169
190
189
220
221
222
223
193
224
195
196
197
198
229
259
260
232
203
204
233
261
262
263
235
206
175
160
145
144
143
142
141
159
174
202
201
230
229
228
227
226
225
224
223
222
221
190
189
188
187
186
185
184
213
214
243
214
184
168
153
123
124
125
126
127
128
129
155
169
191
222
250
220
219
218
188
217
216
215
185
215
244
245
246
216
186
185
184
183
182
167
166
152
153
122
151
150
121
90
73
72
71
72
73
89
120
119
120
89
73
54
26
25
26
27
55
74
73
72
71
70
69
88
117
118
117
149
164
180
212
242
272
286
287
288
289
290
291
292
327
328
329
330
331
332
333
299
334
300
301
302
337
338
339
340
341
342
309
310
311
312
347
348
315
316
317
280
267
239
209
177
163
178
208
238
267
281
318
317
316
315
314
313
312
345
344
309
308
307
306
305
306
341
307
278
256
279
307
308
343
310
311
346
313
314
349
350
351
317
352
319
354
369
404
405
438
452
451
489
488
487
486
485
484
483
482
481
480
479
478
477
476
514
541
559
558
582
605
583
584
585
586
587
610
611
612
613
590
566
567
568
591
615
593
570
571
596
619
620
597
574
598
621
597
572
542
543
527
526
488
450
437
404
368
367
402
401
400
399
398
397
429
428
427
426
425
391
392
393
394
395
396
397
398
399
433
432
431
430
396
395
394
393
392
391
366
390
422
421
420
419
418
417
418
419
420
386
385
384
383
382
381
413
414
415
416
417
418
419
420
421
422
423
389
388
387
386
385
384
383
382
381
380
379
411
446
445
444
461
460
461
462
463
502
535
548
549
550
551
575
552
551
537
504
465
464
501
502
535
549
550
551
552
553
554
579
578
577
552
551
537
504
503
502
534
533
501
500
499
498
497
459
458
457
456
455
454
455
443
407
370
357
323
322
357
358
359
360
361
362
376
377
378
379
412
411
410
409
408
409
375
362
326
362
325
291
276
275
291
290
289
288
324
359
372
373
374
362
363
326
327
328
329
330
331
298
297
296
297
296
295
294
293
292
291
275
274
273
288
324
359
358
357
371
356
322
285
271
241
211
181
165
149
117
116
115
86
66
51
52
53
23
24
23
22
52
51
50
67
85
86
68
87
116
148
164
180
211
241
271
285
284
321
355
356
370
406
442
454
492
531
530
545
546
547
532
493
494
495
457
496
497
498
461
445
463
464
465
466
467
468
469
508
507
506
538
551
576
599
600
578
579
580
556
581
580
602
601
578
554
555
579
603
604
605
606
607
608
609
587
588
589
612
622
623
613
614
592
616
617
595
572
573
543
528
529
543
572
595
618
594
569
568
567
566
565
564
563
562
561
560
559
558
557
539
512
474
473
472
471
470
469
468
505
536
537
538
506
507
508
509
510
511
512
513
475
448
447
422
389
364
339
338
337
336
335
302
303
304
305
277
255
254
255
256
257
258
229
199
198
227
255
277
305
304
303
304
305
306
340
365
390
424
449
475
513
540
541
514
515
516
517
518
519
520
521
522
523
524
525
524
486
487
488
489
490
453
491
529
544
528
527
488
450
437
438
439
440
441
440
439
438
437
436
435
402
434
435
436
403
369
353
318
281
268
269
270
283
320
353
368
403
368
353
319
282
269
240
210
179
178
162
146
114
146
147
162
176
207
237
207
206
236
264
265
266
267
280
267
237
236
235
234
233
232
201
200
201
173
158
140
109
108
107
106
105
104
103
79
61
40
12
38
37
36
