329
330
331
332
333
334
335
336
337
338
339
364
389
422
447
474
512
539
557
582
557
539
512
474
447
422
389
364
339
304
303
302
301
300
299
298
297
296
297
298
299
300
301
302
303
304
305
306
307
308
309
310
311
312
313
314
315
316
317
352
368
404
438
453
438
404
368
352
317
316
315
314
313
312
311
310
309
308
341
366
391
392
393
394
393
392
391
366
341
307
279
257
229
200
201
173
158
141
110
111
112
145
160
175
206
237
267
280
317
316
317
280
267
237
236
235
234
233
232
201
173
158
140
158
173
202
203
204
205
206
237
267
280
317
352
367
402
401
400
399
398
397
396
395
394
393
392
424
449
476
514
476
449
424
425
426
427
426
392
391
365
339
305
277
255
254
253
224
194
171
194
225
255
277
305
304
303
302
303
304
305
277
255
225
194
171
156
133
100
99
78
59
36
35
34
33
32
31
30
58
29
28
27
26
25
26
54
73
72
71
72
73
89
120
121
122
123
92
93
94
95
96
129
154
169
190
189
188
187
216
185
184
168
153
123
91
75
57
30
31
32
33
34
35
36
60
77
98
97
96
95
94
93
92
123
152
122
121
90
74
55
27
28
57
75
92
93
94
95
96
129
154
169
191
192
193
194
171
156
133
132
131
130
129
128
95
94
93
92
75
57
56
55
74
73
72
71
70
69
70
69
88
117
149
165
181
212
242
272
286
287
288
274
275
291
326
325
362
375
408
409
445
463
464
465
466
467
468
507
506
505
504
503
502
501
500
499
498
497
496
495
494
493
532
547
546
532
493
456
457
458
459
460
461
462
463
464
465
504
537
551
552
577
578
579
580
604
580
555
556
557
558
559
560
561
562
586
610
587
564
563
586
585
584
583
582
581
580
579
601
579
556
557
540
514
477
478
479
480
481
482
483
484
485
486
487
488
527
542
572
595
572
542
527
489
527
542
572
571
570
569
568
567
568
569
568
567
566
589
611
610
609
608
607
606
605
606
607
608
609
610
611
612
613
614
615
593
570
571
572
542
527
488
450
436
435
434
433
432
431
430
398
399
400
401
402
367
352
317
280
267
237
207
176
206
205
204
203
232
260
259
258
257
278
305
339
304
303
302
301
300
301
302
337
336
335
334
333
332
331
330
297
298
299
300
301
302
303
304
305
277
255
225
195
172
157
134
103
104
105
106
107
140
158
173
202
203
204
205
206
205
204
233
261
262
263
264
265
266
267
268
269
270
283
269
240
210
178
162
146
113
83
82
111
143
110
81
63
48
20
19
45
17
16
15
14
13
12
11
10
9
8
34
35
9
8
7
6
5
4
3
2
0
2
30
29
28
55
73
72
71
70
69
88
117
149
165
181
212
242
272
286
287
288
273
288
324
359
360
374
362
326
293
328
329
330
331
330
329
328
327
326
362
361
360
359
358
357
356
355
322
286
287
288
289
290
291
292
293
294
327
326
363
376
377
409
376
363
326
293
294
295
296
297
298
299
300
301
302
303
304
305
277
255
225
224
225
255
278
307
308
341
365
389
422
447
474
511
474
447
422
388
389
365
341
342
343
344
345
346
347
348
349
350
351
352
367
402
434
435
436
437
438
404
368
353
368
404
438
439
438
451
488
487
486
485
486
487
486
485
484
483
482
481
480
479
478
477
476
477
478
479
480
481
482
483
484
485
486
487
488
451
452
437
436
435
403
369
353
352
351
350
349
348
347
346
345
344
343
342
341
366
391
424
449
476
477
478
479
518
517
516
515
514
541
559
560
559
541
514
477
476
449
424
392
393
394
395
396
397
398
399
400
401
402
367
352
317
316
315
314
313
312
311
310
309
308
341
365
389
422
389
364
339
305
277
255
254
253
252
251
250
249
248
247
246
218
189
190
169
154
129
98
77
59
36
8
7
6
7
8
36
59
77
99
132
131
130
129
128
127
128
129
154
169
190
189
218
187
186
185
184
168
153
123
91
75
91
123
122
121
120
119
120
151
166
183
214
184
168
153
123
92
93
94
95
94
93
92
123
122
121
90
73
54
73
89
120
151
167
184
185
186
187
188
189
190
169
154
129
98
77
59
36
8
7
33
5
4
3
2
28
55
73
72
71
70
69
52
51
50
66
86
116
87
68
52
22
52
69
70
71
72
73
89
121
122
123
91
75
57
28
2
3
4
30
58
76
92
124
93
94
95
96
97
98
77
59
37
11
12
13
14
15
16
17
18
19
20
21
20
19
18
17
43
42
41
61
79
102
134
157
172
195
225
255
277
305
304
339
364
389
423
449
423
390
365
340
306
278
257
227
196
195
171
156
133
132
131
130
154
169
190
189
188
187
186
185
184
167
166
152
123
124
125
126
127
128
129
154
170
155
130
98
77
59
37
38
39
40
61
79
102
79
61
79
80
102
101
100
99
130
154
169
190
189
188
189
190
191
192
193
224
254
255
277
305
339
364
389
388
387
386
385
384
383
384
385
386
387
388
389
364
339
304
303
304
339
364
389
422
447
474
512
474
448
424
425
426
427
428
429
430
431
432
433
434
435
436
450
488
527
542
572
597
573
542
527
526
525
524
523
522
521
484
485
486
487
488
450
436
403
367
352
317
280
267
237
206
175
160
145
144
143
142
111
83
84
83
64
48
47
46
45
44
43
42
41
40
39
40
61
79
102
134
157
172
194
193
192
191
190
219
247
219
188
187
186
185
184
183
167
153
168
184
214
244
216
187
188
189
190
191
192
193
194
195
196
197
198
199
200
201
173
158
141
110
81
63
48
63
82
112
145
160
175
206
205
234
233
232
231
230
229
199
198
197
196
195
194
193
192
191
169
190
189
188
187
186
185
184
168
153
123
91
75
57
28
1
28
55
74
90
121
90
74
55
28
29
30
31
32
33
34
35
36
59
77
99
100
101
102
135
102
101
100
99
77
59
36
37
38
39
40
41
42
43
44
43
42
41
40
39
38
37
36
35
34
33
32
31
30
29
28
55
56
55
74
90
121
151
166
182
167
183
213
214
215
245
246
247
248
249
250
222
193
194
171
156
134
135
136
137
138
139
140
141
142
143
144
111
110
109
108
107
106
105
104
103
134
156
171
194
193
192
191
190
189
220
219
218
217
216
215
243
214
184
168
184
185
186
187
188
189
190
191
192
193
194
225
224
223
251
223
194
195
196
197
198
228
257
279
307
279
257
229
200
199
228
256
277
305
304
303
302
335
302
303
304
305
277
255
225
224
223
222
193
194
171
156
134
135
136
137
138
139
108
109
110
81
110
141
158
173
202
203
204
205
206
237
267
280
317
352
367
402
403
404
436
450
488
526
488
450
436
402
367
352
317
280
267
237
207
175
160
145
112
83
65
82
110
141
158
173
201
230
258
257
279
307
341
366
391
366
341
307
279
257
229
200
201
173
158
141
110
81
64
82
112
145
160
175
206
237
267
281
319
354
353
352
351
350
349
348
347
346
345
312
313
314
315
316
317
280
267
238
209
177
161
145
112
111
110
141
158
173
201
200
199
228
256
277
305
304
303
302
301
302
303
338
305
278
279
256
255
226
195
194
193
223
252
253
254
255
277
305
339
364
389
422
448
476
477
516
477
476
448
422
421
420
419
418
385
386
387
421
387
386
387
388
389
390
391
392
393
394
395
396
397
398
397
396
395
394
393
392
391
366
341
342
343
344
345
346
345
344
343
342
341
365
389
365
341
342
343
344
311
312
313
314
315
316
317
280
267
266
265
264
234
203
202
174
159
141
110
81
63
48
47
48
63
81
110
109
110
111
112
145
160
175
206
237
267
281
267
237
206
175
160
145
144
143
142
141
110
111
112
145
160
176
208
239
238
237
236
235
263
235
206
175
160
145
146
162
146
145
144
143
142
141
140
139
138
137
136
135
134
133
132
131
130
129
154
169
190
220
249
221
222
223
194
171
156
134
103
104
105
106
107
108
109
110
81
63
49
64
82
112
145
160
175
206
237
267
280
317
352
368
352
351
350
349
348
313
312
311
310
309
308
307
306
340
365
391
392
393
394
395
428
394
393
392
391
365
364
389
422
448
476
477
478
517
478
477
476
448
422
389
364
339
305
277
255
225
194
171
156
133
100
101
102
103
136
103
79
61
40
12
11
37
59
77
59
36
8
9
10
11
12
40
62
80
103
104
105
104
105
106
138
137
136
135
134
133
132
131
132
133
156
171
195
196
227
228
229
230
231
232
233
234
235
236
237
267
280
317
352
368
404
405
404
403
402
401
400
401
402
367
352
318
282
268
238
207
175
160
175
206
205
204
203
202
231
230
201
173
158
141
110
82
83
82
110
109
108
107
106
137
106
107
140
158
173
201
200
229
257
279
307
341
366
391
424
449
476
477
478
479
480
481
482
483
482
481
480
479
478
477
476
513
539
512
474
447
474
512
540
559
560
561
562
563
588
589
613
612
611
610
609
608
607
606
605
604
603
580
557
539
512
473
472
471
470
469
468
467
466
465
464
463
462
461
498
459
458
457
456
455
443
407
371
357
323
286
272
242
272
286
287
286
285
284
322
357
358
359
360
361
375
409
445
463
502
535
548
535
502
463
446
411
412
413
414
415
414
413
412
380
381
382
383
384
385
386
387
388
389
390
423
448
474
473
472
471
470
469
468
505
536
505
468
469
470
471
472
473
474
447
422
421
420
419
418
417
383
382
381
380
379
378
411
446
463
501
533
534
535
536
537
551
575
576
599
576
551
537
505
468
469
470
471
472
473
474
475
476
477
478
477
514
540
557
580
555
554
555
556
557
558
559
560
561
562
563
564
565
590
614
592
593
570
569
568
567
566
589
566
565
564
587
609
585
560
559
541
514
476
449
424
391
366
341
307
279
257
229
230
231
232
233
234
235
236
206
175
161
175
206
205
204
233
232
231
230
229
228
227
226
225
224
223
222
221
191
192
193
194
195
196
197
196
195
172
157
134
102
79
61
41
42
43
44
45
46
19
18
17
16
42
14
13
40
39
38
37
59
77
98
129
154
130
131
132
133
134
157
172
195
196
197
228
256
278
306
340
365
340
365
390
424
448
475
513
540
558
557
556
579
554
553
552
551
550
549
535
503
504
505
506
507
508
509
510
511
512
513
541
540
557
580
602
601
600
578
555
556
557
539
512
474
447
423
390
365
341
342
309
308
307
306
305
304
303
302
301
300
333
334
335
336
337
338
339
365
391
392
393
394
395
396
397
398
399
400
401
402
367
352
318
281
268
240
239
238
237
236
235
234
262
233
203
204
205
206
176
177
176
206
205
236
266
265
264
263
262
261
260
259
260
261
262
263
264
265
266
267
237
207
176
161
146
114
146
161
176
207
238
208
177
163
177
207
236
265
266
267
268
269
282
319
353
368
404
438
439
440
439
452
489
527
542
572
596
619
596
572
542
527
488
450
488
487
486
485
484
483
482
481
520
519
480
479
478
477
476
449
424
392
425
424
449
476
477
478
479
480
481
482
481
480
479
478
477
514
540
557
556
557
539
512
511
510
509
508
469
468
467
466
465
464
463
445
409
376
363
326
292
291
290
289
274
275
291
290
289
288
287
286
272
285
322
356
370
406
442
454
492
531
530
531
492
454
442
406
370
356
370
406
442
454
442
406
370
356
322
286
271
241
212
180
164
180
164
148
116
87
68
53
68
87
116
148
164
180
211
180
164
148
116
87
69
70
71
72
73
55
56
57
75
92
93
94
95
96
97
96
95
94
93
92
76
57
56
55
73
72
71
70
69
68
87
116
148
164
180
211
241
271
285
321
322
357
358
359
360
361
375
409
445
463
464
465
466
467
504
537
551
552
553
554
555
556
557
540
514
515
514
541
559
560
561
562
563
588
612
588
587
586
585
584
585
586
587
588
612
623
613
591
592
567
566
565
564
563
562
561
560
559
558
557
556
555
554
553
552
551
537
504
465
464
463
462
461
460
459
458
457
456
455
442
406
370
357
358
357
370
406
370
357
358
359
360
361
375
409
444
461
500
501
502
503
504
537
551
552
553
554
555
556
557
539
512
475
474
473
472
471
470
469
506
538
537
536
535
502
463
445
409
375
361
360
361
375
409
444
462
501
534
535
536
550
536
503
464
463
445
409
375
361
360
359
324
288
289
290
291
325
362
376
410
376
363
326
293
294
295
294
293
326
363
376
362
361
360
359
358
357
322
285
271
241
211
180
164
148
116
86
85
86
87
117
149
165
181
212
242
272
286
323
357
371
407
371
357
358
359
373
359
358
357
371
407
443
455
493
494
495
496
457
456
455
443
455
456
457
458
459
460
461
462
463
464
465
504
537
551
552
553
578
579
580
581
557
539
512
474
448
424
425
426
427
428
429
396
397
431
432
433
434
435
436
450
488
527
542
572
571
594
571
572
542
527
488
450
436
402
367
352
317
280
267
238
208
176
160
145
113
83
64
63
48
20
19
18
17
18
17
16
15
14
40
61
79
102
134
157
172
195
225
255
278
307
308
309
310
311
312
313
314
315
350
351
352
367
402
436
450
488
487
524
487
488
450
436
402
367
352
351
316
315
314
315
316
317
280
267
237
236
235
236
237
267
280
317
352
367
403
437
452
491
452
451
436
450
488
527
542
528
529
543
572
596
595
594
593
592
591
590
589
588
587
586
585
584
583
559
541
514
476
449
424
391
366
341
308
309
310
311
312
313
314
349
350
351
352
367
402
436
450
488
487
486
485
522
523
524
525
526
527
528
543
573
598
573
542
527
488
489
490
452
439
440
441
440
439
452
489
527
542
572
595
617
593
592
591
568
569
570
571
572
573
574
573
572
571
595
618
617
616
594
571
572
542
527
526
525
488
450
437
451
489
528
544
543
572
571
570
569
568
567
590
612
622
612
588
563
562
561
560
559
540
512
511
510
509
472
473
474
447
422
421
420
419
387
388
389
364
339
338
337
336
335
334
335
336
335
334
333
332
331
330
329
328
327
326
363
376
409
444
461
460
459
458
495
458
459
460
461
445
411
412
413
412
411
446
463
502
465
466
467
468
469
470
471
472
473
474
447
422
388
387
386
385
384
383
382
381
380
379
411
445
461
445
411
412
413
414
413
412
411
446
463
464
465
504
537
551
552
553
554
555
556
557
582
606
607
608
609
610
611
612
613
614
615
616
617
618
619
620
621
620
596
571
570
569
568
569
570
571
572
542
527
488
450
436
402
367
352
318
319
282
269
240
210
179
209
239
268
280
317
352
367
402
401
400
432
400
401
402
367
353
320
282
268
238
208
177
162
147
161
175
206
205
204
203
202
174
201
200
229
257
278
305
339
364
389
388
387
386
385
384
383
382
381
380
379
411
445
463
464
465
466
467
468
469
470
471
472
473
512
540
559
560
561
562
563
586
608
585
586
587
586
585
607
583
558
540
512
474
447
422
389
364
339
305
277
255
225
194
171
156
133
100
99
130
155
169
190
189
188
187
186
215
216
217
186
185
184
167
151
150
151
122
123
92
93
92
75
57
56
55
73
72
71
70
69
88
117
149
165
149
117
88
69
70
71
72
73
89
73
72
71
70
69
52
51
67
86
116
148
164
181
164
148
116
115
87
88
117
118
117
149
165
181
212
242
272
286
287
288
324
359
324
288
287
286
271
241
211
180
164
148
116
86
66
67
52
23
24
23
53
69
88
117
149
165
181
212
242
272
286
287
288
324
359
372
373
374
375
409
444
461
460
459
458
459
497
496
495
494
493
531
545
531
493
494
495
496
497
498
499
500
501
463
446
411
412
413
414
415
416
415
414
413
412
411
446
463
464
465
466
465
464
463
445
409
375
362
375
409
445
463
462
463
464
465
466
467
468
469
470
471
472
473
474
513
512
511
510
471
470
469
468
467
466
465
464
463
462
499
498
497
496
495
494
493
531
493
456
457
458
459
460
461
444
410
378
379
378
377
376
362
325
291
276
291
325
363
326
327
328
329
