59
60
78
99
100
101
133
132
131
130
129
128
127
126
125
124
123
122
121
120
119
120
150
151
152
167
183
214
215
216
217
218
219
220
221
222
223
224
225
226
227
228
229
230
231
232
233
234
235
236
237
207
176
161
146
114
146
147
162
177
208
238
267
280
317
351
350
316
349
348
347
348
315
314
313
312
311
310
309
308
341
366
391
424
449
476
477
478
479
480
481
482
483
484
485
486
487
488
450
436
403
368
353
319
282
269
240
210
179
178
163
178
209
239
268
281
318
352
367
402
435
434
433
432
431
430
429
428
427
426
425
424
423
422
421
420
419
418
417
416
415
414
413
412
411
410
409
408
375
362
325
291
276
275
274
273
288
324
359
372
373
374
361
360
359
358
357
356
355
321
284
285
271
241
212
181
165
149
117
118
117
88
69
70
71
70
69
68
67
86
115
86
85
66
50
51
52
53
23
24
23
22
52
68
87
116
148
164
180
211
241
271
285
322
356
370
406
371
407
443
442
454
492
531
530
545
546
547
532
493
455
456
457
458
459
460
461
462
463
464
465
466
467
506
538
551
575
576
577
578
579
580
581
557
539
512
474
447
422
389
388
387
386
385
384
383
382
381
380
379
378
377
376
363
326
327
328
329
330
331
332
333
334
335
336
337
338
339
340
341
342
343
344
345
346
311
310
309
308
307
306
305
304
303
302
301
300
299
298
297
296
295
294
293
292
291
290
289
288
287
286
323
286
272
242
212
181
165
149
117
88
69
70
71
72
73
89
73
54
26
25
26
27
55
74
90
121
151
166
182
183
213
214
243
244
245
246
247
248
249
250
251
252
253
254
255
277
305
339
364
365
390
391
392
393
394
395
396
397
398
399
400
401
402
403
404
405
438
452
490
528
543
573
597
596
595
594
593
592
591
590
589
588
587
586
585
584
583
582
558
540
513
475
448
474
473
472
511
510
509
508
507
470
471
470
469
468
467
505
537
536
504
503
502
501
500
499
498
497
496
495
494
457
458
459
460
461
444
445
446
463
501
533
534
535
548
549
550
551
552
553
554
555
556
555
554
577
599
600
601
602
603
604
605
606
607
608
609
610
611
612
622
623
613
614
615
616
617
618
619
620
621
598
574
544
529
491
453
439
440
441
440
439
452
489
526
525
524
523
522
521
520
519
518
517
516
515
514
541
559
560
561
562
563
564
565
566
567
568
569
570
571
572
542
527
489
451
437
404
369
354
320
283
270
269
268
267
266
265
264
263
262
261
260
259
258
257
279
278
256
226
195
172
171
156
157
134
103
80
62
41
42
43
44
45
46
47
48
63
81
110
142
143
144
112
83
65
83
84
113
145
160
175
206
205
204
203
202
201
200
199
198
197
196
195
194
193
192
191
190
189
188
187
186
185
184
168
153
123
91
75
57
29
30
31
32
33
34
35
36
37
38
39
40
61
79
102
134
135
136
137
138
139
106
105
104
105
106
107
108
140
158
173
174
159
141
109
110
111
82
64
49
48
21
20
19
18
17
16
15
14
13
12
11
10
9
8
7
6
5
4
3
2
0
2
1
28
56
57
58
76
92
93
94
95
96
97
129
154
169
170
155
130
98
77
59
