0
2
3
4
5
6
7
8
36
59
77
99
100
133
156
171
194
225
255
277
305
304
303
302
301
302
303
304
339
364
389
422
447
474
473
472
473
474
447
422
389
364
339
305
277
255
225
194
193
192
191
169
154
129
128
127
126
125
126
127
128
129
154
169
191
192
193
194
225
255
277
305
339
364
389
422
447
474
512
540
559
560
561
562
563
588
612
588
563
562
561
560
559
541
514
476
449
424
391
366
341
342
343
344
345
310
309
308
307
279
257
229
200
201
173
158
140
109
140
158
173
201
200
229
257
278
305
304
303
302
301
300
299
298
297
296
295
294
293
326
362
361
373
361
362
326
293
294
295
296
297
298
299
300
301
302
303
304
305
306
307
308
309
310
311
312
313
314
315
316
317
316
315
314
313
312
311
310
309
308
307
306
305
304
339
364
389
422
447
474
512
539
557
581
604
582
583
584
585
586
587
588
589
590
565
564
563
562
561
560
559
540
512
474
447
422
389
364
339
338
337
336
335
334
333
332
331
330
329
294
293
292
291
290
289
288
287
286
272
242
212
181
165
149
117
88
69
70
71
72
71
70
69
88
117
149
165
181
212
242
272
286
287
288
324
359
360
361
375
409
445
463
464
465
504
537
551
552
553
554
555
556
557
539
512
474
447
422
389
364
339
305
278
257
229
200
201
173
158
140
139
140
158
173
201
200
229
257
278
305
339
364
389
422
447
474
473
472
471
470
469
468
467
466
465
464
463
445
409
375
361
360
359
324
288
287
286
272
242
212
181
165
149
117
88
69
70
71
72
73
90
121
151
167
184
185
186
187
188
189
190
191
192
193
194
225
255
277
305
339
364
389
422
448
476
477
478
479
518
479
478
477
476
448
422
389
364
339
305
277
255
225
194
193
192
191
190
169
154
130
131
132
133
134
135
136
137
138
139
140
141
142
141
140
139
138
137
136
135
134
156
171
194
223
251
252
253
254
255
277
305
339
364
389
422
447
474
473
472
471
470
471
472
473
474
447
422
389
364
339
305
277
255
225
194
193
192
191
169
154
129
128
127
128
129
130
131
132
133
134
135
136
137
138
139
140
158
173
202
203
204
205
206
237
267
280
317
316
315
348
347
346
345
344
343
342
341
340
339
338
337
336
335
334
333
332
331
330
329
328
327
326
362
361
360
359
358
357
358
359
360
361
362
326
293
294
295
296
297
298
299
300
301
302
303
304
305
277
255
225
194
171
156
171
194
225
255
277
305
304
303
302
301
300
299
298
297
296
295
294
293
326
362
361
360
359
358
357
370
406
442
406
370
357
358
359
360
361
362
326
327
328
329
330
297
298
299
300
301
302
303
304
305
306
307
308
309
310
311
312
313
314
315
316
317
318
319
320
353
367
402
401
400
399
398
397
396
395
394
393
392
424
449
476
514
475
447
422
421
420
419
418
417
416
415
414
413
412
411
379
380
381
382
383
384
385
386
387
388
389
364
339
305
277
255
225
194
193
192
191
169
154
129
96
95
94
95
96
129
154
169
191
192
193
194
225
255
277
305
339
364
389
422
447
474
512
540
559
560
561
562
563
564
565
566
567
592
569
570
571
572
542
527
488
450
436
402
367
352
317
280
267
237
236
235
204
203
202
173
158
140
107
106
105
104
103
102
101
100
99
98
97
96
95
94
93
92
75
57
75
92
93
94
95
96
97
98
99
100
101
102
103
104
105
106
107
140
158
173
202
203
234
264
265
266
267
280
317
352
368
404
438
439
440
441
440
439
438
404
403
402
401
400
399
398
397
396
395
394
393
392
391
390
389
388
387
386
385
384
383
382
381
380
379
378
377
376
362
361
360
359
358
357
322
321
285
286
287
288
289
290
291
292
293
294
295
296
297
298
299
300
301
302
303
304
305
278
257
229
200
201
202
203
204
205
206
176
162
163
162
176
206
205
204
203
202
201
200
199
198
197
196
195
194
193
192
191
190
189
188
187
186
185
184
185
186
187
188
189
190
191
192
193
194
225
255
277
305
339
364
389
422
447
474
512
540
559
540
512
474
447
422
389
364
339
305
277
255
225
194
193
192
191
169
154
129
96
95
96
129
154
169
191
192
193
194
225
255
278
307
308
309
310
311
312
313
314
315
316
317
352
367
402
436
450
488
526
487
486
485
484
483
482
481
480
479
478
477
476
448
422
388
387
386
385
384
383
382
381
380
379
378
377
376
362
325
291
290
289
288
287
286
271
241
211
180
164
148
116
86
116
148
164
180
211
241
271
286
287
288
289
290
291
325
362
376
377
378
379
380
381
382
416
382
381
380
379
378
377
376
362
325
291
290
289
288
287
286
272
242
212
181
165
149
117
88
69
70
71
72
73
55
56
57
75
92
93
94
95
96
97
98
99
100
101
102
103
104
103
134
157
172
195
225
255
277
305
339
364
389
388
387
386
387
388
389
364
339
305
277
255
225
224
223
222
221
220
189
188
187
186
185
184
167
151
120
89
73
54
55
56
57
75
92
93
94
95
96
129
154
169
191
192
193
194
225
255
277
305
339
364
389
422
448
476
449
424
392
393
394
395
396
397
398
399
400
401
402
403
404
368
352
317
316
315
314
313
312
311
310
309
308
341
366
391
365
339
305
277
255
225
194
171
156
133
132
133
156
171
194
225
255
277
305
339
364
389
422
447
474
512
539
557
556
555
578
600
576
551
537
504
465
464
463
445
409
376
363
326
327
328
329
330
331
332
333
300
301
302
303
304
305
277
255
225
194
171
156
133
100
99
77
99
100
133
156
171
194
225
255
277
305
339
364
389
422
447
474
512
539
557
581
605
581
557
539
512
474
447
422
389
364
339
304
303
302
301
300
299
298
299
300
301
302
303
304
305
278
257
229
200
201
173
158
173
202
203
204
205
206
237
267
280
317
352
368
404
438
451
488
487
486
485
484
483
482
481
480
479
478
477
514
541
559
583
606
584
585
586
587
588
589
564
563
562
561
560
559
541
514
476
449
424
392
391
390
389
388
389
364
339
305
277
255
225
194
193
192
191
190
189
188
187
186
185
184
167
152
167
184
185
186
187
188
189
190
191
192
193
194
225
255
277
305
339
364
389
422
447
474
473
472
471
470
469
468
469
470
471
472
473
474
447
422
389
364
339
305
277
255
225
194
193
192
191
190
189
188
187
186
185
186
187
188
189
190
191
192
193
194
225
255
277
305
339
364
389
388
387
386
385
384
383
382
414
415
416
417
418
419
420
421
422
447
474
512
539
557
556
557
539
512
474
447
422
389
364
339
305
277
255
225
195
172
157
134
102
79
61
40
12
11
12
40
61
79
103
104
105
106
107
140
158
173
201
232
203
204
205
204
203
202
201
200
199
198
197
196
195
194
193
192
191
190
189
188
187
186
185
184
167
151
120
89
73
72
71
70
69
52
69
70
71
72
73
89
120
151
167
184
185
186
187
188
189
190
191
192
193
194
225
255
278
307
308
309
310
311
312
313
314
315
316
317
352
351
350
349
348
347
346
345
344
343
342
341
365
389
388
387
386
385
384
383
382
381
380
379
411
445
461
460
459
458
459
460
461
445
411
379
380
381
382
383
384
385
386
387
388
389
365
341
308
309
310
311
312
313
312
311
310
309
308
307
306
305
304
303
302
301
300
299
298
297
296
295
328
327
326
363
376
377
378
379
380
381
415
383
384
385
386
387
388
389
364
339
305
277
255
225
194
193
192
191
170
155
170
191
192
193
194
225
255
277
305
339
364
389
422
447
474
512
539
557
580
557
539
512
474
447
422
389
364
339
304
303
302
301
300
299
298
297
296
295
294
293
326
363
376
363
326
293
294
295
296
297
298
299
300
301
302
303
304
305
277
255
225
194
193
192
191
190
189
188
187
186
187
188
189
190
191
192
193
194
225
255
277
305
339
364
389
388
387
386
385
384
383
382
383
384
385
386
387
388
389
365
341
342
343
344
345
346
347
348
349
350
351
352
367
402
436
450
488
525
486
485
484
483
482
481
480
479
478
477
476
448
422
389
364
339
305
277
255
225
224
223
222
221
220
219
220
221
222
223
224
225
226
227
228
229
230
231
261
231
230
229
228
227
226
225
224
225
255
277
305
339
364
389
422
447
474
512
540
559
560
585
609
585
560
559
540
512
474
447
422
389
364
339
305
277
255
225
195
172
157
134
135
136
137
136
135
134
156
171
194
224
253
254
255
278
307
308
309
310
311
312
311
310
309
308
341
365
389
422
447
474
473
472
471
470
469
506
537
549
535
502
463
445
409
375
361
360
359
324
288
273
274
275
291
292
293
294
295
296
297
298
299
300
301
302
303
304
305
306
307
308
309
344
311
312
313
314
315
316
317
280
267
239
210
178
177
176
206
205
204
203
202
201
200
229
257
278
305
304
303
302
301
300
299
298
297
296
295
294
293
326
362
361
360
372
360
361
362
326
293
294
295
296
297
298
299
300
301
302
303
304
305
278
257
229
200
201
173
158
141
142
143
144
145
144
143
142
141
158
173
201
200
229
257
278
305
339
364
389
422
447
474
473
472
471
470
469
468
467
466
465
464
463
462
461
460
459
458
457
456
455
443
407
371
357
323
286
272
286
287
288
324
359
360
361
375
409
445
463
464
465
504
537
551
552
553
554
555
556
557
539
512
474
447
422
389
364
339
305
278
257
229
230
231
232
233
234
235
236
237
236
235
234
233
232
231
230
229
257
278
305
339
364
389
388
387
386
385
384
383
382
381
380
379
411
445
461
460
459
458
457
456
493
531
546
531
492
454
442
406
370
356
322
285
271
241
211
180
164
148
116
87
69
70
71
72
73
89
120
119
120
89
73
54
26
25
26
27
28
57
75
92
93
94
95
96
97
98
99
100
101
102
103
104
105
106
107
140
158
173
202
201
200
229
257
278
305
304
303
302
301
300
299
298
297
296
295
294
293
292
291
290
289
288
287
286
271
241
211
180
211
241
271
286
287
288
324
359
360
361
375
409
445
463
464
465
504
537
551
576
599
576
551
537
504
503
502
501
500
499
498
497
496
495
456
455
443
407
371
357
323
286
272
242
212
181
165
149
117
88
69
70
71
72
73
89
121
152
168
184
185
186
187
188
189
190
191
192
193
194
225
255
277
305
339
365
391
392
393
394
395
396
397
398
399
400
401
402
436
450
488
527
542
572
571
572
542
527
488
450
436
403
368
353
318
317
316
315
314
313
312
311
310
309
308
307
278
255
225
194
193
192
191
190
189
188
187
186
185
184
167
151
120
89
73
72
71
70
69
52
51
67
86
116
148
164
180
211
241
271
286
287
288
289
290
291
325
362
376
377
378
379
380
381
382
383
417
385
386
387
388
389
364
339
305
278
257
229
200
201
173
158
141
110
81
63
48
20
19
20
48
63
82
112
145
160
175
206
237
267
280
317
352
367
402
436
450
488
527
542
572
571
570
569
568
567
566
565
564
563
562
561
560
559
540
512
474
447
422
389
364
339
305
277
255
254
253
252
253
254
255
277
305
339
364
389
422
447
474
512
540
559
560
561
562
563
564
565
566
567
568
593
568
567
566
565
564
563
562
561
560
559
540
512
474
447
422
389
364
339
305
277
255
225
194
193
192
191
190
189
188
187
186
185
184
167
184
185
186
187
188
189
190
191
192
193
194
225
255
278
307
308
309
310
311
312
313
314
315
316
317
352
367
402
436
450
489
528
544
528
489
450
436
402
367
352
317
316
315
314
313
312
311
310
309
308
307
278
255
225
194
193
192
191
190
189
188
187
186
185
184
167
151
120
89
73
72
71
70
69
68
87
116
148
164
180
211
241
271
286
287
288
324
359
360
361
375
409
445
463
464
465
504
537
551
552
553
554
555
556
557
558
583
607
583
559
541
514
477
478
479
480
481
482
483
484
485
486
487
488
450
436
402
367
352
318
317
316
315
314
313
312
311
310
309
308
341
365
389
422
447
474
473
472
471
470
469
468
505
536
504
467
468
469
470
471
472
473
474
447
422
389
364
339
305
278
257
229
200
201
173
158
140
108
109
110
111
112
145
160
175
206
237
267
280
317
352
367
402
436
450
488
527
542
572
571
570
569
568
567
566
565
564
563
562
561
560
559
540
512
474
447
422
389
364
339
338
337
336
335
334
333
332
331
330
329
328
327
326
363
376
377
378
379
380
381
382
383
384
385
386
387
421
389
365
341
308
309
310
311
312
313
314
315
316
317
280
267
239
208
207
206
205
204
203
202
201
200
199
198
197
196
195
194
193
192
191
190
189
188
187
186
185
184
167
166
151
120
89
73
54
26
27
28
29
30
31
32
33
34
35
36
37
38
39
40
41
42
43
44
45
46
47
48
64
83
84
83
82
110
141
158
173
201
200
229
257
278
306
340
365
390
423
448
475
513
540
558
582
559
560
561
562
563
564
565
566
567
568
569
570
569
568
567
566
565
564
563
562
561
560
559
540
512
474
447
422
389
364
339
305
277
255
225
194
193
192
191
190
189
188
187
186
185
184
167
151
120
89
120
151
167
184
185
186
187
188
189
190
191
192
193
194
225
255
277
305
339
365
391
392
393
394
395
429
395
394
393
392
391
366
341
307
279
257
229
200
201
173
158
141
110
81
63
48
47
48
63
81
110
141
158
173
201
200
229
257
229
200
201
174
201
200
229
257
279
307
341
366
391
424
449
476
514
541
559
560
561
562
563
564
565
566
567
568
569
570
571
572
542
527
488
450
436
402
367
352
317
280
267
238
208
176
160
145
112
82
63
48
47
46
45
44
43
42
41
61
79
102
134
157
172
195
225
255
277
306
341
306
277
255
226
255
278
307
308
309
310
311
312
313
314
315
316
317
352
367
403
437
403
402
401
400
399
398
397
396
395
394
393
392
391
390
389
388
387
386
385
384
383
382
381
380
379
378
377
376
362
361
360
359
358
357
322
286
287
288
289
290
291
292
293
294
295
296
297
298
299
300
301
302
303
338
339
364
389
388
387
386
385
384
383
382
381
380
379
378
410
444
461
460
459
458
457
456
455
443
407
371
357
323
286
272
242
212
181
165
149
117
88
69
70
71
72
73
55
56
57
75
92
93
94
95
96
97
98
99
100
101
102
103
104
105
106
107
108
109
110
111
112
145
161
177
209
240
209
177
161
145
112
82
64
49
64
82
112
145
160
175
206
236
266
236
205
204
203
202
173
158
140
107
106
105
104
103
80
61
40
39
38
37
36
35
34
33
32
31
30
29
28
55
73
72
71
70
69
88
117
149
165
181
212
242
272
286
323
357
371
407
443
455
494
457
458
459
460
461
445
411
379
380
381
382
383
384
385
386
387
388
389
365
341
308
309
308
307
279
257
229
200
201
173
158
141
110
111
112
113
145
160
175
206
237
267
280
317
352
367
402
436
450
488
487
486
485
484
483
482
481
480
479
478
477
476
448
422
389
364
339
305
277
255
225
195
172
157
134
103
134
157
172
195
225
255
277
305
339
364
389
388
387
386
385
384
383
382
381
380
379
378
377
376
362
325
291
290
289
288
287
286
271
241
211
180
164
148
116
115
87
69
70
71
72
73
55
56
57
75
92
93
94
95
96
97
98
99
100
101
102
134
157
172
195
225
255
277
305
339
364
389
422
447
474
512
540
559
560
561
562
563
564
565
590
614
592
569
570
571
572
542
527
488
450
436
402
367
352
317
280
267
237
206
175
160
145
112
83
82
110
141
158
173
201
200
229
257
278
305
304
303
302
301
300
299
298
297
296
295
294
293
292
293
294
295
296
297
298
299
300
301
302
303
304
305
278
257
229
230
231
232
233
234
235
236
237
238
237
236
235
234
233
232
231
230
229
257
278
305
339
364
389
422
389
364
339
305
277
255
225
194
171
156
133
100
99
77
59
36
35
34
33
32
31
30
31
32
33
34
35
36
59
77
99
100
133
156
171
195
196
197
198
199
200
201
173
158
140
107
106
105
104
103
79
61
40
12
11
10
37
60
78
99
100
133
156
171
194
225
255
277
305
304
303
302
301
300
299
298
297
296
295
294
293
326
291
290
289
288
287
286
272
242
212
181
165
149
165
181
212
242
272
286
287
288
289
290
291
292
293
294
295
296
297
298
299
300
301
302
303
304
305
306
307
308
309
310
311
312
313
314
315
316
317
352
368
402
401
400
399
398
397
396
395
394
393
392
424
448
474
512
539
557
580
603
604
605
606
607
608
609
610
611
612
613
614
615
593
570
571
572
542
527
488
450
436
402
367
352
317
280
267
237
206
175
160
145
112
82
63
48
47
46
45
44
43
44
45
46
47
48
63
82
112
145
160
175
206
237
267
280
317
352
367
402
434
435
436
450
488
527
543
572
571
570
569
568
567
566
565
564
563
562
561
560
559
558
557
556
555
554
553
552
551
537
504
465
464
463
445
409
375
361
360
359
358
357
371
357
323
286
272
242
212
181
165
149
117
88
69
70
71
72
73
89
120
151
167
184
185
186
187
188
189
190
191
192
193
224
254
255
278
307
308
309
310
311
312
313
314
315
316
317
352
367
402
436
450
488
527
542
572
597
621
598
574
544
529
491
452
437
403
367
352
317
280
267
237
206
205
204
203
202
173
201
200
229
257
278
305
304
303
302
301
300
299
298
297
296
295
294
293
292
291
290
289
288
324
359
360
361
362
326
293
294
295
296
297
298
299
300
301
302
303
304
305
278
255
225
194
193
192
191
169
154
129
96
97
98
99
100
133
156
171
195
196
226
255
277
305
339
364
389
422
447
474
473
472
471
470
469
468
467
504
467
468
469
470
471
472
473
474
475
476
477
478
479
480
481
482
483
484
485
486
487
488
450
436
402
367
352
317
316
315
314
313
312
311
310
309
308
307
278
255
225
194
171
194
225
255
277
305
339
364
389
422
447
474
473
472
471
470
507
470
471
472
473
474
447
422
389
364
339
305
277
255
225
195
172
157
134
102
79
61
40
12
40
61
79
102
134
157
172
195
225
255
277
305
304
303
302
301
300
299
298
297
296
295
294
293
326
362
375
409
445
463
464
465
466
467
468
469
470
471
472
473
512
540
559
560
561
562
563
564
565
566
567
568
569
570
571
572
542
527
488
487
486
485
484
483
482
481
480
479
478
477
476
448
422
388
387
386
385
384
383
382
381
382
383
384
385
386
387
388
422
447
474
447
422
389
365
341
342
343
344
345
346
347
348
349
350
351
316
315
314
313
312
311
310
309
308
307
278
255
225
195
172
157
134
101
100
99
77
59
77
99
100
133
156
171
194
225
255
277
305
339
364
389
422
447
474
512
540
559
584
608
584
559
541
514
476
449
424
391
366
341
307
279
257
258
259
260
261
262
263
264
265
266
267
280
317
352
367
402
436
451
436
402
367
352
317
280
267
237
206
175
160
175
206
205
204
203
202
201
200
229
257
278
305
339
364
389
422
447
474
473
472
471
472
473
474
447
422
389
364
339
305
277
255
225
194
171
156
133
101
100
99
98
97
96
95
94
93
92
123
152
167
183
184
185
186
187
188
189
190
191
192
193
194
225
255
278
307
308
309
310
311
312
313
314
315
316
317
352
367
403
437
452
451
488
487
486
485
484
483
482
481
480
479
478
477
476
448
422
389
364
339
305
277
255
225
194
171
156
133
100
99
78
59
36
35
34
33
32
31
30
29
28
55
73
72
71
70
69
88
117
149
165
181
212
242
272
286
323
357
371
407
443
455
493
532
493
455
443
407
371
357
323
286
272
242
212
181
165
149
117
88
69
70
71
72
73
89
121
122
123
124
125
126
127
128
129
154
169
191
192
193
194
225
255
277
305
339
364
389
422
448
476
477
478
479
480
481
482
483
484
485
486
487
488
527
488
450
436
402
367
352
317
316
315
314
313
312
311
310
309
308
307
278
255
225
194
193
192
191
170
191
192
193
194
225
255
277
305
339
364
389
422
447
474
473
472
471
470
469
470
471
472
473
474
448
424
392
393
394
395
396
397
398
399
400
401
402
403
404
405
404
403
402
401
400
399
398
397
396
395
394
393
392
391
390
389
388
387
386
385
384
383
382
381
380
379
378
377
376
362
361
360
359
360
361
362
326
293
294
295
296
297
298
299
300
301
302
303
304
339
365
390
423
448
476
477
478
479
480
481
482
483
484
483
482
481
480
479
478
477
476
448
422
389
364
339
305
277
255
225
194
171
156
133
100
99
77
59
36
35
34
33
32
33
34
35
36
59
77
99
100
133
156
171
195
196
197
198
229
257
279
306
339
364
389
422
447
474
512
539
557
556
555
554
553
552
553
554
555
556
557
539
512
474
448
424
425
426
427
428
429
430
431
432
433
434
435
401
400
399
398
397
396
395
394
393
392
391
390
389
388
387
386
385
384
383
382
381
380
379
378
377
376
362
361
362
376
377
378
379
380
381
382
383
384
385
386
387
388
389
390
391
392
393
394
395
396
397
398
399
400
401
402
436
450
488
487
486
485
484
521
482
481
480
479
478
477
476
448
422
389
364
339
305
277
255
225
195
172
157
134
102
79
61
41
42
43
44
45
46
47
48
63
82
112
145
160
175
206
237
267
280
317
352
367
402
436
450
488
487
524
485
484
483
482
481
480
479
478
477
476
448
422
388
387
386
385
384
383
382
381
380
379
378
377
376
362
325
291
275
274
275
291
325
362
375
409
445
463
502
535
548
549
550
551
552
553
554
555
556
557
558
559
560
561
586
610
586
561
560
559
541
514
476
449
424
391
366
341
307
279
257
229
200
201
173
158
141
110
111
112
113
114
113
83
64
48
47
46
45
44
43
42
41
40
39
38
37
60
78
99
100
133
156
171
194
225
255
277
305
339
365
391
392
393
394
428
429
430
431
397
396
395
394
393
392
391
365
339
305
277
255
225
194
171
156
133
100
99
77
59
36
35
34
33
32
31
32
33
34
35
36
59
77
99
100
133
156
171
194
225
255
277
305
339
364
389
422
447
474
512
539
557
556
555
578
555
556
557
539
512
474
447
422
389
364
339
305
278
257
229
230
231
230
229
257
279
307
308
341
366
391
392
393
394
395
396
397
398
399
400
401
402
367
352
318
281
269
281
317
316
315
314
313
312
311
310
309
308
341
365
389
388
387
419
387
388
389
364
339
305
277
255
225
224
223
222
221
220
219
218
217
216
215
214
213
183
166
151
120
89
73
72
71
70
69
88
117
149
165
181
212
242
272
286
287
288
289
290
291
325
362
376
410
376
362
325
291
290
289
288
287
286
271
241
211
180
164
148
116
87
69
70
71
72
73
89
121
122
123
124
125
126
127
128
129
154
169
191
192
193
194
225
255
277
305
339
364
389
422
448
476
477
478
477
476
448
422
389
364
339
305
277
255
225
195
172
157
134
102
79
61
41
15
16
17
18
17
16
15
14
13
12
11
37
59
77
98
97
96
95
94
93
92
75
57
56
55
73
72
71
70
69
88
69
70
71
72
73
89
120
151
167
184
185
186
187
188
189
190
191
192
193
194
225
255
278
307
308
309
310
311
312
313
314
315
316
317
352
367
402
436
402
367
352
351
350
315
314
313
312
311
310
309
308
307
278
255
225
195
172
157
134
102
79
61
40
39
38
37
36
35
34
33
32
31
30
29
28
55
73
72
71
70
69
87
116
148
164
180
211
241
271
286
287
288
289
290
291
292
293
294
295
296
297
298
299
300
301
302
303
304
305
278
257
229
200
201
202
203
204
205
206
207
208
209
208
207
206
205
204
203
202
201
200
229
257
278
305
339
364
389
422
447
474
473
472
471
470
469
506
537
550
537
506
469
470
471
472
473
474
447
422
389
364
339
305
277
255
225
195
172
157
134
102
79
61
40
13
14
15
16
17
18
19
20
48
63
81
110
143
142
141
140
139
138
139
140
141
142
143
144
145
160
175
207
238
268
282
318
352
367
402
401
400
399
398
397
396
395
394
393
392
424
449
476
514
541
559
560
561
562
563
564
563
562
561
560
559
540
512
474
447
422
389
364
339
305
277
255
225
224
223
192
191
190
189
188
187
186
185
184
167
151
120
89
73
72
71
70
69
68
67
66
86
116
148
164
180
211
241
271
286
287
288
289
290
291
325
362
376
377
378
379
380
381
382
383
384
385
386
387
388
422
448
476
515
516
517
518
519
520
521
522
523
484
483
482
481
480
479
478
477
476
448
422
389
364
339
305
277
255
225
195
172
157
134
102
79
61
40
14
15
16
17
18
19
20
48
64
83
113
146
162
176
206
205
204
203
202
201
200
199
198
197
196
195
194
193
192
191
192
193
194
195
196
197
198
199
200
201
202
203
234
233
232
231
230
229
257
278
305
304
303
302
301
300
299
298
297
296
295
294
293
326
362
361
360
359
358
357
356
357
358
359
360
361
362
326
293
294
295
296
297
298
299
300
299
298
297
296
295
294
293
326
363
376
409
444
461
498
461
445
411
379
380
381
382
383
384
385
386
387
388
389
364
339
305
277
256
228
199
200
201
173
158
140
107
106
105
104
103
134
157
172
195
225
255
277
305
339
364
389
422
447
474
473
472
471
508
471
472
473
474
448
424
392
393
394
395
396
397
398
399
400
401
402
368
354
369
404
438
439
438
404
368
352
317
316
315
314
313
312
311
310
309
308
307
278
255
225
194
171
156
133
100
99
77
59
36
8
7
6
5
4
3
2
3
4
5
6
7
8
36
59
77
99
100
133
156
171
194
225
255
277
305
339
364
389
422
447
474
512
540
559
560
561
586
561
560
559
540
512
474
447
422
389
364
339
305
277
255
225
194
171
156
133
100
99
77
59
36
8
36
59
77
99
100
133
156
171
195
196
197
198
199
200
201
232
262
233
203
202
201
200
229
257
278
305
339
364
389
388
387
386
385
384
383
382
381
380
379
411
445
461
460
459
458
457
456
455
442
406
370
357
358
359
360
361
362
326
293
294
295
296
297
298
299
300
301
302
303
304
305
278
257
229
200
201
202
203
204
203
202
201
200
199
198
228
257
279
307
341
366
391
424
449
476
514
541
513
474
447
422
389
364
339
305
277
255
225
224
223
222
221
222
223
224
225
255
277
305
339
364
389
422
448
476
477
478
479
480
519
480
479
478
477
476
448
422
389
364
339
305
277
255
225
194
171
156
133
100
99
98
99
100
133
156
171
194
225
255
277
305
304
303
302
301
300
299
298
297
296
295
294
293
292
291
276
275
274
288
287
286
323
357
371
407
443
455
456
457
458
459
460
461
462
463
464
465
466
467
468
469
470
471
472
473
512
540
513
475
448
424
392
393
394
395
396
397
396
395
394
393
392
391
365
339
305
277
255
225
195
172
157
134
102
79
61
41
15
16
17
18
19
20
48
63
82
112
145
160
175
206
237
267
280
317
352
367
402
401
400
399
398
397
396
395
394
393
392
391
365
339
304
303
302
301
300
299
298
297
296
295
294
293
292
291
290
289
288
287
286
285
284
285
286
287
288
289
290
291
292
293
294
295
296
297
298
299
300
301
302
303
304
305
278
257
258
259
260
261
262
263
264
265
266
267
268
267
266
265
264
263
262
261
260
259
258
257
278
305
304
337
304
305
278
257
229
200
201
173
158
141
142
143
144
143
142
141
158
173
201
200
229
257
278
305
339
364
389
422
447
474
473
472
471
470
469
468
467
466
465
464
465
504
537
551
552
553
578
602
580
557
539
512
474
447
422
389
365
341
342
343
344
345
346
347
348
349
348
347
346
345
344
343
342
341
340
339
338
337
336
335
334
333
332
331
330
329
328
327
326
362
361
360
359
358
359
360
361
362
326
293
294
295
296
297
298
299
300
301
302
303
304
305
277
255
225
224
223
222
221
220
219
218
217
216
217
218
219
220
221
222
223
224
225
255
277
305
339
364
390
364
339
305
277
255
225
194
171
156
133
100
99
98
97
98
99
100
101
102
103
104
105
106
107
108
109
110
111
112
145
160
175
207
175
160
145
112
111
110
109
108
107
106
105
104
103
102
101
100
99
98
97
96
95
94
93
92
76
92
93
94
95
96
97
98
99
100
101
102
103
104
105
106
107
108
109
110
111
112
113
146
162
178
179
210
240
269
282
319
353
368
403
436
450
488
487
486
485
484
483
482
481
480
479
516
517
478
477
476
449
448
474
473
474
447
422
389
364
339
305
278
257
229
230
231
232
233
234
235
236
235
234
233
232
231
230
229
257
278
305
339
364
389
388
387
386
418
386
387
388
389
364
339
305
277
255
225
194
171
156
133
100
99
100
133
156
171
194
225
255
277
305
339
365
391
392
393
394
395
396
397
398
432
400
401
402
367
352
317
280
267
237
206
205
204
203
202
201
200
199
198
197
196
195
225
255
277
305
339
364
389
422
447
474
512
539
558
557
556
555
554
553
552
551
537
504
465
464
463
445
409
375
361
360
359
324
288
287
286
272
242
212
181
165
149
117
88
69
53
23
24
23
53
69
88
117
149
165
181
212
242
272
286
287
288
324
359
360
361
375
409
445
463
464
465
504
537
551
575
551
538
506
507
508
509
510
511
474
447
422
389
364
339
305
277
255
225
194
171
156
133
100
99
77
59
36
8
7
6
7
8
9
10
11
12
13
41
61
79
102
134
157
172
195
225
255
277
305
339
365
391
392
426
392
391
366
341
307
279
257
229
200
201
173
158
141
142
143
144
145
146
145
144
143
142
141
158
173
201
200
229
257
278
305
304
303
302
301
300
299
298
297
296
295
294
293
292
291
290
289
288
287
286
271
241
211
241
271
286
287
288
324
359
360
361
375
409
445
463
464
465
504
537
551
552
553
554
555
556
557
558
583
558
540
513
475
448
423
390
365
340
306
278
256
278
307
308
309
310
311
312
313
314
315
316
317
352
367
402
436
451
490
451
436
402
367
352
317
280
267
237
206
205
204
203
202
173
158
140
107
106
105
104
103
80
62
79
102
134
157
172
195
225
255
278
307
342
343
344
345
346
347
348
349
350
351
352
367
402
436
450
488
527
542
527
488
450
436
402
367
352
317
316
315
314
313
312
311
310
309
308
307
278
255
225
194
171
156
133
100
99
77
59
36
8
7
8
36
59
77
99
100
133
156
171
194
225
255
278
307
308
309
310
311
312
313
314
315
314
313
312
311
310
309
308
307
278
255
225
195
172
157
134
102
79
61
79
103
104
105
106
107
108
109
110
111
112
145
161
177
176
206
205
204
203
202
201
200
229
257
279
307
341
366
391
424
449
476
514
541
559
584
559
541
514
477
478
479
480
481
482
483
484
485
486
487
488
527
542
572
571
570
569
568
591
613
589
564
563
562
561
560
559
540
512
474
447
422
389
364
339
305
277
255
225
194
193
192
191
170
155
130
98
77
59
36
35
34
33
32
31
30
29
28
55
73
72
71
70
69
87
69
70
71
72
73
89
120
151
167
184
185
186
187
188
189
190
191
192
193
194
225
255
278
307
308
309
310
311
346
311
310
309
308
307
278
255
225
224
223
222
221
220
219
218
219
220
221
222
223
224
225
255
278
307
278
255
225
194
171
156
133
100
99
77
59
36
35
36
59
77
99
100
133
156
171
194
225
255
278
307
308
343
342
341
366
391
424
449
476
514
541
559
560
561
562
563
564
565
566
567
568
567
566
565
564
563
562
561
560
559
540
512
474
447
422
389
364
339
305
277
255
225
194
193
192
191
169
154
129
128
129
130
131
132
133
134
135
136
137
138
139
140
141
142
143
144
145
146
147
161
175
206
205
204
203
202
201
200
199
198
197
226
255
277
305
304
303
302
301
300
299
298
297
296
295
294
293
326
362
361
360
359
358
357
370
406
370
356
322
285
271
241
211
180
164
148
116
87
69
70
71
72
73
55
28
29
30
31
32
33
34
35
36
37
38
39
40
61
79
102
134
157
172
195
225
255
277
305
339
364
389
388
387
386
385
384
383
382
381
380
379
411
445
461
460
459
496
459
460
461
444
409
377
409
444
461
460
459
458
457
456
493
456
457
458
459
460
461
445
411
379
380
381
382
383
384
385
386
387
388
389
390
391
392
393
394
395
396
397
398
399
400
401
402
367
402
401
400
399
398
397
396
395
394
393
392
391
423
390
365
340
306
278
257
229
230
231
232
233
232
231
230
229
257
278
305
339
364
389
422
447
474
512
474
447
422
389
364
339
305
277
255
225
194
193
192
191
190
189
188
187
186
185
184
167
151
167
184
185
186
187
188
189
190
191
192
193
194
225
255
277
305
339
364
389
388
387
386
385
384
383
382
381
380
379
411
446
463
464
465
466
467
468
469
470
471
472
473
512
540
559
560
561
562
563
588
612
623
612
588
563
562
561
560
559
540
512
474
447
422
389
364
339
305
277
255
225
195
172
157
134
102
79
61
40
39
38
37
59
77
98
129
154
169
190
189
188
187
216
244
214
183
166
151
120
89
73
72
71
70
69
88
117
149
165
181
212
242
272
286
323
286
272
242
212
181
165
149
117
118
117
149
165
181
212
242
272
286
287
288
324
359
360
361
375
409
445
463
464
465
466
505
538
506
469
470
471
472
473
474
448
424
392
393
394
395
396
397
398
399
400
401
402
368
369
353
318
280
267
237
206
175
160
145
112
82
63
48
20
19
18
17
16
15
14
13
12
11
10
9
8
7
6
5
4
3
2
28
55
73
72
71
70
69
87
116
148
164
180
211
241
271
286
287
288
324
359
360
361
375
408
409
445
463
464
465
466
467
468
469
470
471
472
473
512
540
559
560
561
562
563
564
565
566
567
592
616
594
571
572
542
527
488
450
436
402
401
400
399
398
397
396
395
394
393
392
424
448
474
512
539
557
556
579
601
577
552
551
537
504
465
464
463
445
409
375
361
360
359
324
288
287
286
272
242
212
181
165
149
117
88
69
53
23
53
69
70
71
72
73
89
121
122
123
124
125
126
127
128
129
130
131
132
133
134
135
136
137
138
139
140
141
142
143
144
145
160
176
208
239
269
283
269
239
208
207
206
205
204
203
202
201
200
199
228
256
277
305
339
364
389
388
387
386
385
384
383
382
381
380
379
411
445
461
460
459
458
457
456
455
456
457
458
459
460
461
462
463
464
465
466
467
468
469
470
471
472
473
474
448
476
477
478
479
480
481
482
483
484
485
486
487
488
489
490
529
490
451
436
402
367
352
317
316
315
314
313
312
311
310
309
308
307
278
255
225
224
223
222
221
220
219
218
217
186
185
184
168
153
123
91
75
57
28
1
28
57
75
92
93
94
95
96
129
154
169
191
192
193
194
225
255
277
305
339
364
389
422
448
476
477
478
479
480
481
482
481
480
479
478
477
514
541
559
560
561
562
563
588
563
562
561
560
559
540
512
474
447
422
389
364
339
305
277
255
225
194
171
156
133
100
99
78
60
78
99
100
101
102
103
104
105
106
107
140
158
173
202
233
263
264
265
266
267
280
317
352
367
402
436
450
488
527
543
574
543
527
488
450
436
402
367
352
317
316
315
314
313
312
311
310
309
308
307
278
255
225
194
171
156
133
100
99
77
59
36
59
77
98
129
154
169
190
189
188
189
190
191
192
193
194
225
255
277
305
339
364
390
424
448
474
473
472
471
470
469
468
467
466
465
464
463
500
462
445
411
379
380
381
382
383
384
385
386
387
388
389
365
341
308
309
310
311
312
313
314
315
316
317
280
267
280
317
352
368
404
438
453
438
404
368
352
317
316
315
314
313
312
311
310
309
308
307
278
255
254
253
252
251
250
249
248
247
246
245
246
247
248
249
250
251
252
253
254
255
277
305
339
364
389
422
447
474
512
539
557
556
555
554
577
554
555
556
557
539
512
474
448
424
392
393
394
395
396
397
398
399
400
399
398
397
396
395
394
393
392
391
365
339
305
277
255
225
194
193
192
191
190
189
188
187
188
189
190
191
192
193
194
195
196
197
198
199
200
201
202
203
204
205
206
237
267
281
267
266
265
264
263
262
261
260
259
258
257
256
255
254
253
252
251
250
251
252
253
254
255
277
305
339
364
389
388
387
386
385
384
383
382
381
380
379
411
445
461
499
461
444
409
375
361
360
359
324
288
287
286
272
242
212
181
165
149
117
88
69
70
71
72
73
55
28
29
57
75
92
93
94
95
96
129
154
169
191
192
193
194
225
255
278
307
308
309
310
311
312
313
314
315
316
317
352
368
404
438
439
440
439
438
404
368
352
317
280
267
237
206
175
160
145
112
82
81
110
141
158
173
201
200
229
257
279
307
308
309
310
309
308
307
278
255
225
194
193
192
191
190
189
188
187
186
185
184
167
151
120
89
73
72
71
70
69
53
69
88
117
149
165
181
212
242
272
286
287
288
289
290
291
325
362
376
410
446
445
461
460
461
445
411
379
380
381
382
383
384
385
386
387
388
389
364
339
305
277
255
225
194
193
192
191
169
154
129
96
95
94
93
92
75
57
56
55
73
72
71
70
69
88
117
149
165
181
212
242
272
286
287
288
289
290
291
325
362
375
409
445
463
464
465
466
467
468
469
470
471
472
473
512
540
559
560
561
562
563
564
565
564
563
562
561
560
559
540
512
473
472
471
470
469
468
467
466
465
464
463
445
409
375
361
360
359
324
288
287
286
271
241
271
286
287
288
324
359
360
361
375
409
444
462
501
462
444
409
375
361
360
359
324
288
287
286
272
242
212
181
165
149
117
88
69
70
71
72
73
74
90
121
151
167
184
185
186
187
188
189
190
191
192
193
194
225
255
277
305
339
364
389
422
447
474
512
540
559
560
561
562
561
560
559
540
512
474
447
422
389
364
339
305
277
255
254
253
252
251
250
249
248
247
248
249
250
251
252
253
254
255
277
305
304
303
304
339
364
389
422
447
474
512
540
559
560
561
562
563
564
565
566
591
566
565
564
563
562
561
560
559
540
512
473
472
471
470
469
468
467
466
465
464
463
445
409
375
362
325
291
290
289
288
287
286
272
242
212
181
165
149
117
88
69
70
71
72
73
55
56
57
75
92
93
94
95
96
129
154
169
191
222
191
169
154
129
154
169
191
192
193
194
225
255
277
305
339
364
389
422
447
474
473
472
471
470
469
506
467
466
465
464
463
445
409
376
363
326
293
294
295
296
297
298
299
300
301
302
303
304
305
278
257
229
200
201
173
158
140
107
140
158
173
201
200
229
257
278
305
304
303
302
301
300
299
298
297
296
295
294
293
326
363
376
377
378
379
380
381
382
383
384
385
386
387
388
422
448
476
477
478
479
480
481
482
483
484
485
486
487
488
450
436
402
367
352
317
280
267
237
206
175
160
145
112
82
63
48
47
46
47
48
63
82
112
145
160
175
206
237
267
280
317
352
367
402
436
450
488
487
486
485
484
483
482
481
480
479
478
477
476
448
422
388
387
386
385
384
383
382
381
380
379
378
377
376
362
325
291
290
289
288
287
286
272
242
272
286
287
288
289
290
291
292
293
294
295
296
297
298
299
300
301
302
303
304
305
278
257
229
230
229
257
278
305
339
364
389
422
447
474
512
539
557
556
555
556
557
539
512
474
447
422
389
364
339
305
277
255
225
194
171
156
133
100
99
77
59
36
35
34
35
36
59
77
99
100
133
156
171
194
225
255
277
305
339
364
389
422
447
474
512
540
559
560
585
560
559
540
512
474
447
422
389
364
339
305
277
255
225
194
171
156
133
132
131
132
133
156
171
194
225
255
277
305
304
303
302
301
300
299
298
297
296
295
294
293
292
291
290
289
288
287
286
272
242
212
181
165
149
117
88
69
70
71
72
73
89
121
122
123
124
123
122
121
89
73
72
71
70
69
88
117
149
165
181
212
242
272
286
323
357
371
407
443
455
456
457
458
459
460
461
445
411
379
380
381
382
383
384
385
386
387
388
389
364
339
305
277
255
254
253
252
251
250
249
248
218
187
186
185
184
167
151
150
121
122
123
92
93
94
95
96
97
98
99
100
99
77
59
36
8
7
6
5
4
3
4
5
6
7
8
36
59
77
99
100
133
156
171
194
225
255
277
305
339
365
391
392
393
394
395
396
397
398
399
400
401
402
367
352
317
280
267
237
207
176
206
205
204
203
202
201
200
229
257
278
306
340
365
390
423
448
475
512
539
557
556
579
556
557
539
512
474
447
422
389
364
339
305
277
255
225
195
172
157
134
102
79
61
41
15
16
17
16
15
41
61
79
102
134
157
172
195
225
255
277
305
339
364
389
422
447
474
473
472
471
470
469
468
467
504
535
503
504
505
506
507
508
509
510
511
512
540
559
560
561
562
563
564
565
566
567
568
569
570
595
594
593
592
591
590
589
588
587
586
585
584
583
582
581
556
555
554
553
552
551
537
504
503
502
501
500
499
498
497
460
461
445
411
412
413
414
415
416
417
418
419
420
421
422
423
424
425
426
427
426
425
424
423
422
421
420
419
418
417
416
415
414
413
412
411
445
411
412
413
412
411
446
463
464
465
504
537
506
469
470
471
472
473
474
447
422
389
364
339
305
277
255
225
195
172
156
133
132
131
130
129
128
127
126
125
124
123
122
121
89
73
72
71
70
69
52
51
50
66
86
116
148
164
180
211
241
271
285
322
357
358
359
360
361
375
409
445
463
464
465
466
467
468
469
470
471
472
473
512
540
559
560
561
562
563
564
565
566
567
568
569
570
571
572
597
572
571
570
569
568
567
566
565
564
563
562
561
560
559
541
514
476
449
424
391
366
341
307
279
257
258
230
201
173
158
141
110
81
63
81
110
109
108
107
106
105
104
103
102
101
100
99
130
154
169
154
129
128
127
126
125
124
123
122
121
89
73
72
71
70
69
88
117
149
165
181
212
242
272
286
287
288
289
290
291
325
362
376
377
378
379
380
381
382
383
384
385
386
387
388
422
448
476
477
478
479
480
481
482
483
522
483
482
481
480
479
478
477
476
448
422
388
387
386
385
384
383
382
381
380
379
378
377
376
362
325
291
290
289
288
287
286
272
242
212
181
165
149
117
88
69
70
71
72
73
89
121
122
153
168
184
185
186
187
188
189
190
191
192
193
194
225
255
277
305
340
366
365
389
388
387
386
385
384
383
384
385
386
387
388
422
447
474
512
540
559
560
561
562
563
564
565
566
567
568
569
570
595
619
618
617
616
615
614
613
622
612
588
563
562
561
560
559
540
513
475
448
423
390
365
340
306
278
256
227
196
195
171
156
133
100
99
98
97
96
95
94
93
92
75
57
56
29
3
4
3
2
28
55
73
72
71
70
69
87
116
148
164
180
211
241
271
285
322
356
370
406
442
454
492
531
493
494
495
496
497
498
499
500
501
502
463
445
409
375
362
325
362
375
409
445
463
464
465
466
467
468
469
470
471
472
473
512
540
559
560
561
562
563
564
565
566
567
568
569
570
571
596
620
596
572
542
527
488
450
436
402
367
352
317
280
267
266
265
264
263
262
261
260
259
258
257
278
305
339
364
389
388
387
386
385
384
383
382
381
380
379
411
445
461
460
459
458
457
456
493
531
530
531
493
494
495
496
497
498
499
500
501
502
503
504
505
506
507
508
509
510
511
512
540
559
560
561
562
587
611
612
613
614
615
616
617
593
568
567
566
565
564
563
562
561
560
559
540
512
474
447
422
389
364
339
305
277
255
225
194
171
156
133
100
99
77
59
36
9
8
7
6
5
4
3
2
28
55
73
72
71
70
69
88
117
149
165
181
212
242
272
286
287
288
324
359
360
374
375
376
377
378
379
380
381
382
383
384
385
386
387
388
422
447
474
512
540
559
560
561
560
559
541
514
476
449
424
392
393
394
395
394
393
392
391
365
339
305
277
255
254
253
252
251
250
249
248
247
246
245
244
243
214
184
168
153
123
91
92
93
94
95
96
97
98
99
100
101
102
103
104
105
106
107
108
109
110
111
112
145
160
176
208
239
269
270
269
281
317
316
315
314
313
312
311
310
309
308
341
365
389
388
387
386
385
384
383
382
381
380
379
411
445
461
460
459
458
457
456
493
531
545
531
493
494
495
496
497
498
499
500
501
502
503
504
505
506
507
508
509
510
511
512
540
559
560
561
562
563
564
565
566
567
568
569
594
569
568
567
566
565
564
563
562
561
560
559
540
512
473
472
471
470
469
468
467
466
465
464
463
445
409
375
361
360
359
324
288
287
286
271
241
211
180
164
148
116
86
67
68
69
70
71
72
73
89
120
151
166
183
214
215
216
217
218
219
220
221
222
223
224
225
255
278
307
308
309
310
311
312
313
314
315
316
315
314
313
312
311
310
309
308
307
278
255
225
194
193
192
191
190
189
188
187
186
185
184
167
151
120
89
73
72
71
70
69
88
117
88
69
70
71
72
73
89
121
122
123
124
125
126
127
128
129
130
131
132
133
134
135
136
137
138
139
140
141
142
143
144
145
161
176
207
237
267
280
317
352
367
402
436
450
488
527
542
573
598
573
542
527
488
450
436
402
367
352
317
280
267
237
206
175
160
145
112
111
110
109
108
107
106
105
104
103
102
101
100
99
130
154
169
190
189
190
169
154
130
99
100
101
102
79
61
41
15
16
17
18
19
20
21
20
19
18
17
16
15
41
61
79
102
101
100
99
130
154
169
190
189
188
187
186
215
216
217
218
219
220
221
222
223
224
225
255
277
305
339
364
389
422
447
474
473
472
471
470
469
468
505
506
507
508
509
510
511
512
513
514
515
516
517
518
519
520
521
522
523
524
525
526
527
528
489
450
436
402
367
352
317
280
267
237
206
175
160
145
112
82
63
48
47
46
45
46
47
48
64
65
82
110
141
158
173
201
200
229
257
278
305
339
364
389
422
447
474
473
472
509
472
473
474
447
422
389
364
339
305
277
255
254
253
252
251
250
249
248
247
246
216
185
184
167
151
121
90
74
55
28
2
3
4
5
6
7
8
36
59
77
99
100
133
156
171
194
225
255
277
305
339
364
389
422
447
474
512
540
559
560
561
562
587
562
561
560
559
540
512
473
472
471
470
469
468
467
466
465
464
463
445
409
375
361
360
359
358
357
356
355
322
286
287
288
289
290
291
292
293
294
295
296
297
298
299
300
301
302
303
304
305
278
257
229
200
201
173
158
141
110
81
64
81
110
109
108
107
106
105
136
105
104
103
134
157
172
195
225
255
277
305
339
364
389
388
387
386
385
384
383
382
381
380
379
378
411
446
463
464
465
466
467
468
469
470
471
510
473
474
448
424
392
393
394
395
396
397
398
399
400
401
402
367
352
319
353
368
403
436
450
488
487
486
485
484
483
520
481
480
479
478
477
476
448
422
388
387
386
385
384
383
382
381
380
381
382
383
384
385
386
387
388
389
364
339
305
278
257
229
200
201
173
158
141
110
111
112
145
160
175
206
237
267
280
317
352
367
402
436
450
488
527
542
572
595
618
594
569
568
567
566
565
564
563
562
561
560
559
558
557
556
555
554
553
552
551
537
536
535
534
533
502
465
466
467
468
469
470
471
472
473
474
447
422
389
364
339
305
277
255
225
195
172
157
134
102
79
61
41
15
16
17
18
19
20
48
63
82
112
145
160
175
206
205
204
203
202
201
200
229
257
278
305
304
303
302
301
300
299
298
297
296
295
294
293
292
291
290
289
288
287
286
272
242
212
181
212
242
272
286
287
288
289
290
291
325
362
375
409
444
461
462
463
464
465
504
537
551
576
553
554
555
556
557
539
512
474
447
422
389
364
339
305
277
255
225
194
193
192
191
169
154
129
128
127
126
125
124
123
122
123
124
125
126
127
128
129
154
169
191
192
193
194
225
255
278
307
308
309
310
311
312
313
314
315
316
317
352
367
402
436
450
488
527
542
573
542
527
488
487
486
485
484
483
482
481
480
479
478
477
476
448
422
389
364
339
338
337
336
335
334
333
332
331
330
329
328
327
326
362
361
360
359
358
357
371
407
443
455
493
532
547
532
493
456
457
458
459
460
461
462
463
464
465
466
467
468
469
470
471
472
473
474
475
476
477
478
479
480
479
478
477
476
448
422
421
420
419
418
417
416
415
414
413
412
411
446
463
501
534
503
466
467
468
469
470
471
472
473
474
447
422
389
365
341
308
309
310
311
312
313
314
313
312
311
310
309
308
307
306
305
304
303
302
301
300
299
332
333
334
335
336
337
338
339
364
389
422
447
474
512
539
512
474
447
422
421
420
386
385
384
383
382
381
380
379
378
377
376
362
325
291
290
289
288
287
286
271
241
211
180
164
180
212
242
272
286
287
288
289
290
291
292
293
294
295
296
297
298
299
300
301
302
303
304
305
278
257
229
200
201
202
203
204
205
206
175
206
236
265
235
204
203
202
173
158
140
107
106
105
104
103
102
101
100
99
98
97
96
95
94
93
92
76
58
57
56
55
73
72
71
70
69
88
117
149
165
181
212
242
272
286
287
288
289
290
291
292
293
294
295
296
297
298
299
300
301
302
303
304
305
278
257
229
200
201
173
159
173
201
200
229
257
278
306
339
364
389
422
447
422
388
387
386
385
384
383
382
381
380
379
378
377
376
362
325
291
290
289
288
287
286
271
241
211
180
164
148
116
86
85
67
52
22
52
69
70
71
72
73
89
120
151
166
182
183
184
185
186
187
188
189
190
191
192
193
194
225
255
277
305
340
305
277
255
225
194
193
192
191
169
154
169
191
192
193
194
225
255
277
305
339
365
391
425
391
365
339
305
277
255
225
195
172
157
134
135
134
157
172
195
225
255
277
305
304
303
302
301
300
299
298
297
296
295
294
293
326
363
376
409
410
411
412
413
414
415
416
417
418
419
420
421
422
423
424
425
426
427
428
429
430
431
432
433
399
398
397
396
395
394
393
392
391
365
339
304
303
302
301
300
299
298
297
296
295
294
293
292
291
290
289
288
287
288
324
359
360
361
375
409
445
463
464
465
466
467
468
469
470
471
472
473
512
540
559
560
561
562
563
564
565
566
567
568
569
570
571
596
572
542
527
488
450
436
402
367
352
317
316
315
314
313
312
311
310
309
308
307
278
255
225
194
193
192
191
190
189
188
187
186
185
184
167
151
120
151
167
184
185
186
187
188
189
190
191
192
193
194
195
196
197
198
199
200
229
257
278
305
304
303
302
301
300
299
298
297
296
295
294
293
292
291
275
291
325
362
375
409
445
463
464
465
466
467
468
469
470
471
472
473
474
513
474
473
472
471
470
469
468
467
466
465
464
463
462
461
460
459
458
457
456
455
454
455
456
457
458
459
460
461
462
463
464
465
466
467
468
469
470
471
472
473
474
475
476
477
478
479
480
481
482
483
484
485
486
487
488
489
450
436
402
367
352
317
280
267
237
206
175
160
145
112
111
110
82
110
109
108
107
106
105
104
103
134
157
172
195
225
255
277
305
304
303
302
301
334
301
302
303
304
305
277
255
225
194
193
192
191
169
154
129
96
95
94
93
92
75
57
28
27
54
73
72
71
70
69
88
117
149
165
181
212
242
272
286
287
288
324
359
360
361
375
409
445
463
464
465
504
537
551
538
506
469
470
471
472
473
474
447
422
389
364
339
338
337
336
303
304
305
277
255
225
194
171
156
133
132
131
130
129
128
127
126
125
124
123
122
121
89
73
72
71
70
69
87
116
148
164
180
211
241
271
285
322
356
370
406
442
454
492
455
456
457
458
459
460
461
445
411
379
380
381
382
383
384
385
386
387
388
389
364
339
305
278
257
229
200
201
173
158
141
140
139
138
137
136
135
134
156
171
194
193
194
225
255
277
305
339
365
391
392
393
394
395
396
430
396
395
394
393
392
391
365
339
305
277
255
225
194
171
156
133
100
99
77
59
36
8
7
6
5
4
3
2
0
