59
77
98
130
155
170
191
192
193
224
225
226
227
228
229
230
231
232
233
234
235
236
237
207
176
161
145
112
82
64
49
48
21
20
19
18
17
16
15
14
13
12
11
10
9
8
7
6
5
4
3
2
0
2
1
28
56
57
58
76
92
93
94
95
96
129
154
169
190
189
188
187
186
185
184
168
167
152
122
123
124
125
126
127
128
129
97
98
99
100
101
102
79
61
62
80
103
134
157
156
171
172
195
225
255
277
305
339
364
365
390
391
392
393
394
395
396
397
398
399
400
401
402
403
404
405
438
452
490
528
543
573
597
596
595
594
593
592
591
590
589
588
587
586
585
584
583
582
581
580
579
578
577
576
575
551
538
506
507
506
467
466
465
464
463
462
461
460
459
458
457
456
455
493
532
547
546
545
530
531
492
454
442
443
407
371
406
370
356
355
321
284
285
286
287
288
289
290
291
292
293
294
295
296
297
298
299
300
301
302
303
304
305
306
307
308
309
310
311
312
313
314
315
316
349
348
347
346
345
344
343
342
341
340
339
338
337
336
335
334
333
332
331
330
329
328
327
326
363
376
377
378
379
380
381
382
383
384
385
386
387
388
389
422
447
474
512
539
557
558
559
560
561
562
563
564
565
566
567
568
569
570
571
572
542
527
489
451
437
404
369
354
320
283
270
269
268
281
318
352
367
402
435
434
433
432
431
430
429
428
427
426
425
424
449
424
391
366
341
307
279
257
258
259
260
261
262
263
264
265
266
238
239
209
178
163
178
179
210
240
269
282
319
353
368
403
436
450
488
487
486
485
522
521
520
519
518
517
516
515
514
541
540
513
475
448
423
422
421
420
419
418
417
416
415
414
413
412
411
445
444
461
460
459
458
457
494
495
496
497
498
499
500
501
533
534
535
548
549
550
551
552
553
554
555
556
555
554
577
599
600
601
602
603
604
605
606
607
608
609
610
611
612
622
623
613
614
615
616
617
618
619
620
621
598
574
544
529
491
453
439
440
441
440
439
452
490
489
526
525
524
523
484
483
482
481
480
479
478
477
476
475
474
473
472
511
510
509
508
471
470
469
468
467
505
537
536
504
503
502
501
463
446
411
410
409
408
375
374
373
372
359
324
288
273
274
275
276
291
325
362
361
360
359
358
357
323
286
272
242
212
181
165
149
117
88
117
118
117
149
165
181
212
241
271
285
322
285
271
241
211
180
164
148
116
87
68
52
22
23
24
23
53
52
51
50
66
85
86
115
86
67
68
69
70
71
72
73
89
73
54
26
25
26
27
55
74
90
121
120
119
120
150
151
166
182
183
213
214
215
216
217
218
219
220
221
222
223
192
193
194
195
196
197
198
199
200
201
173
158
140
108
107
106
105
104
105
106
139
138
137
136
135
134
133
132
131
99
78
60
37
38
39
40
41
42
43
44
45
46
47
48
63
81
110
142
143
144
112
83
65
83
84
113
114
113
112
111
110
109
141
159
174
202
203
204
205
206
175
160
146
147
162
177
208
238
267
280
317
351
350
349
348
347
312
311
310
309
308
307
278
256
255
254
253
252
251
250
249
248
247
246
245
244
243
214
184
168
153
123
91
75
57
29
30
31
32
33
34
35
36
59
