59
77
98
130
155
170
169
154
129
97
96
95
94
93
92
76
58
57
56
55
74
90
121
151
166
182
183
214
243
244
245
246
247
248
249
250
251
252
253
254
255
277
305
304
303
302
301
300
299
298
297
296
295
294
293
292
291
290
289
288
287
286
323
286
272
242
212
181
165
149
117
88
117
118
117
149
165
181
212
241
271
285
284
321
355
356
357
358
359
360
361
374
373
372
359
324
288
273
274
275
276
291
325
362
375
408
409
410
411
412
413
414
415
416
417
418
419
420
421
422
423
424
425
426
427
428
429
430
431
432
433
434
435
402
367
352
318
281
268
239
209
178
163
178
179
210
240
269
282
319
353
368
403
436
450
488
487
486
485
484
483
482
481
480
479
478
477
476
475
513
540
541
514
515
516
517
518
519
520
521
522
523
524
525
526
489
452
439
440
441
440
439
453
491
529
544
574
598
621
620
619
618
617
616
615
614
613
623
622
612
611
610
609
608
607
606
605
604
603
602
601
600
599
577
554
555
556
555
554
553
552
551
550
549
548
535
534
533
501
463
446
445
444
461
460
459
458
457
494
495
496
497
498
499
500
501
502
503
504
536
537
505
467
506
538
551
575
576
577
578
579
580
581
582
583
584
585
586
587
588
589
590
591
592
593
594
595
596
597
573
543
528
490
452
438
405
404
403
402
401
400
399
398
397
396
395
394
393
392
391
390
365
364
339
338
337
336
335
334
333
332
331
330
329
328
327
326
363
376
377
378
379
380
381
382
383
384
385
386
387
388
389
422
447
448
449
424
391
366
341
308
309
310
311
312
313
314
315
316
350
351
317
280
267
238
208
177
162
147
146
114
146
161
176
207
237
236
235
234
233
232
231
230
229
228
227
226
225
224
223
222
221
220
219
218
217
216
215
214
213
183
167
152
151
150
120
119
120
121
122
123
124
125
126
127
128
129
130
131
132
133
101
100
99
78
60
37
38
39
40
41
42
43
44
45
46
47
48
49
64
82
111
110
109
141
159
174
173
158
140
108
107
106
105
104
105
106
139
138
137
136
135
103
80
62
61
79
102
134
157
156
171
172
195
226
256
278
306
340
341
342
343
344
345
346
347
348
349
348
347
346
345
310
309
308
307
279
257
258
259
260
261
262
263
264
265
266
267
268
269
270
283
320
354
369
404
437
451
489
527
542
572
571
570
569
568
567
566
565
564
563
562
561
560
559
558
557
539
512
474
473
472
511
510
509
508
507
470
471
470
469
468
467
466
465
464
463
462
461
460
459
458
457
456
455
493
532
547
546
545
530
531
492
454
442
443
407
371
406
370
356
322
285
271
241
211
180
164
148
116
87
68
52
22
23
24
23
53
52
51
50
66
85
86
115
86
67
68
69
70
71
72
73
89
73
54
26
25
26
27
28
1
2
0
2
29
57
75
91
123
153
168
184
185
186
187
188
189
190
191
192
193
194
195
196
197
198
199
200
201
202
203
204
205
206
175
160
145
113
84
83
65
83
112
144
143
142
110
81
63
48
21
20
19
18
17
16
15
14
13
12
11
10
9
8
7
6
5
4
3
30
31
32
33
34
35
36
59
