605
606
607
584
585
586
610
611
612
613
614
615
616
617
618
619
620
621
598
573
572
571
570
569
568
567
566
565
564
563
562
561
562
563
564
589
613
623
622
612
611
587
588
589
590
591
592
593
594
595
596
597
574
544
529
491
490
489
488
487
486
485
484
483
482
481
482
483
484
485
486
487
488
527
542
543
528
527
526
525
524
523
522
521
520
519
518
517
516
515
514
513
512
511
510
509
508
507
508
509
510
511
512
539
557
582
583
584
608
609
585
560
559
541
513
475
513
540
558
539
557
581
580
579
578
577
554
555
556
555
554
553
576
552
551
550
549
548
535
534
533
501
462
461
460
459
458
457
456
455
443
407
371
357
323
286
272
242
212
181
165
149
165
181
212
242
272
271
241
211
180
164
148
116
115
86
85
66
50
51
52
53
23
24
23
22
52
67
86
87
116
117
118
117
88
68
69
70
71
72
73
72
71
72
73
74
90
89
120
119
120
150
151
152
168
183
213
214
215
216
217
218
219
220
221
222
223
224
225
226
197
198
197
196
195
196
227
228
229
230
231
232
231
201
173
158
173
201
200
229
257
279
278
277
305
339
364
340
307
308
309
344
345
346
347
348
349
350
351
352
353
369
404
405
438
439
440
441
440
439
453
452
451
450
436
403
368
353
319
282
269
240
210
179
178
163
178
209
239
269
270
283
320
354
369
404
437
436
435
434
433
432
431
430
397
398
399
400
401
402
367
352
318
281
268
238
207
175
160
161
176
207
206
205
204
203
202
201
200
199
228
257
279
307
341
306
277
255
254
253
252
251
250
249
248
247
246
245
244
243
214
215
216
217
218
219
220
221
222
223
194
172
156
171
157
134
103
80
62
61
79
102
134
101
132
133
100
99
78
98
129
130
131
99
77
59
60
36
35
34
33
32
31
3
2
0
2
1
2
3
4
5
6
7
8
9
10
11
12
13
14
15
16
17
18
19
20
21
48
49
64
83
84
113
114
113
112
83
65
64
63
48
47
46
45
44
43
42
41
40
39
38
37
36
35
34
33
32
31
30
29
28
27
26
25
26
54
55
56
57
58
76
91
123
122
121
122
123
124
125
126
127
128
129
155
170
169
154
129
97
96
95
94
93
92
75
91
123
153
167
166
182
183
184
185
186
187
188
189
190
191
192
193
194
193
192
221
249
250
251
252
253
254
255
256
257
258
259
260
261
233
234
235
236
237
238
208
177
162
147
146
145
144
143
142
141
140
139
138
137
136
135
104
105
106
107
108
109
110
81
82
111
110
141
159
174
202
233
262
263
264
265
266
267
280
317
316
315
314
313
312
311
310
309
310
311
312
311
310
343
342
341
365
390
423
424
425
393
394
395
396
428
429
428
427
426
392
391
390
389
388
387
386
385
384
383
416
415
414
413
412
411
410
409
408
375
362
325
291
276
275
290
289
274
273
288
287
288
324
359
372
373
374
375
376
377
378
379
380
381
382
383
417
418
419
420
421
422
447
448
423
390
366
341
342
341
340
339
364
389
388
387
388
389
423
449
476
477
478
479
480
479
478
477
476
475
474
473
472
471
470
469
468
467
505
537
536
504
466
465
464
463
446
445
444
409
376
363
326
327
294
295
296
297
298
299
300
301
302
303
304
338
337
336
335
334
333
332
333
332
331
330
329
328
293
292
326
362
361
360
359
358
357
356
355
321
284
285
322
356
370
406
442
454
492
531
530
545
546
547
532
493
494
495
496
497
498
499
500
501
502
503
504
505
506
538
551
575
576
599
600
601
602
603
604
605
