386
418
417
384
383
415
414
413
412
413
414
413
412
411
410
376
362
325
291
290
289
288
287
286
285
321
356
322
286
287
288
274
288
287
286
285
284
321
355
322
356
370
406
442
455
456
457
458
459
498
460
459
458
457
456
455
492
455
456
457
458
457
456
493
532
547
531
530
531
492
455
493
494
495
496
497
459
458
457
456
493
532
531
545
546
531
492
454
442
407
442
454
443
407
371
357
323
286
272
242
212
181
211
241
211
180
165
149
117
88
69
53
23
24
23
52
51
50
66
67
87
116
148
164
180
211
241
271
242
272
286
287
288
287
286
272
242
212
181
165
149
117
88
116
148
164
180
211
241
271
285
323
286
287
288
289
275
276
291
292
293
294
295
330
297
298
299
300
301
302
303
304
305
306
307
341
366
365
389
388
387
386
385
384
383
382
381
380
379
380
381
380
379
378
377
376
375
374
373
372
373
359
358
357
371
357
358
359
324
288
273
274
290
291
292
293
292
291
326
363
376
409
445
463
464
465
466
467
506
507
508
471
472
471
470
469
506
538
551
550
549
535
503
502
534
533
501
500
499
500
461
462
463
502
535
536
537
551
552
577
578
602
580
555
554
553
576
577
601
579
580
581
557
539
512
511
510
509
508
507
506
505
466
465
464
463
445
409
375
362
363
326
327
328
295
296
295
294
327
326
363
376
409
408
375
374
360
361
362
326
327
328
329
330
331
332
333
334
335
301
302
303
304
305
277
255
226
256
226
196
197
198
199
230
229
257
279
256
255
254
224
193
194
195
196
197
198
199
200
229
228
199
200
201
202
174
202
203
204
205
206
236
237
267
280
317
352
367
402
434
435
436
450
488
450
436
402
367
402
401
400
399
398
432
400
401
402
436
450
488
527
542
527
489
451
437
404
437
451
490
529
528
543
573
572
571
594
569
568
567
590
566
565
588
612
613
614
615
593
570
571
572
571
570
569
568
567
566
565
564
563
588
612
622
623
613
614
590
565
564
563
562
561
560
559
540
512
474
447
423
424
390
364
339
338
337
303
304
339
364
389
423
391
424
449
476
477
478
477
514
541
559
560
585
560
559
558
540
513
476
448
423
390
365
340
306
278
257
258
259
260
231
232
233
234
235
265
235
204
203
202
201
230
258
257
279
307
308
309
310
345
310
309
308
307
278
255
254
253
252
251
250
251
252
223
224
225
224
223
222
191
170
155
129
97
98
77
60
37
38
37
9
8
36
59
77
99
98
97
96
127
96
95
126
125
124
123
153
122
121
120
119
120
121
122
123
92
93
92
75
57
56
55
73
72
71
70
69
53
23
22
52
53
68
86
85
86
115
87
69
70
71
72
73
55
56
57
58
75
91
123
152
167
183
213
183
214
244
245
246
247
219
188
189
190
169
170
155
130
131
132
133
157
133
132
131
100
101
102
79
61
40
12
11
10
9
8
7
6
34
35
9
10
11
12
13
41
42
43
16
17
18
45
17
18
19
20
48
63
81
111
144
145
161
175
160
145
113
83
82
110
109
108
140
158
173
201
173
158
141
110
81
64
49
48
47
46
45
44
16
15
42
14
41
62
80
79
102
133
156
171
172
195
196
197
198
229
259
258
257
279
307
308
309
310
311
346
345
344
311
312
313
314
315
316
317
352
318
281
269
270
269
239
268
281
318
352
367
403
436
451
489
527
543
574
598
620
597
619
596
572
542
527
526
489
527
542
572
571
570
569
568
567
566
565
564
589
588
587
586
561
560
559
541
540
557
556
555
578
577
599
600
578
579
603
604
605
582
559
584
561
562
561
560
559
541
514
515
477
514
515
516
517
518
479
517
480
481
482
483
484
485
486
485
484
483
520
519
480
479
478
477
476
475
474
473
472
471
470
469
468
467
466
465
504
465
464
463
462
463
464
503
536
550
551
575
551
538
506
507
508
509
510
511
512
539
557
582
557
539
512
511
474
447
422
421
388
387
419
385
384
383
382
416
384
385
386
387
388
422
447
474
513
474
447
422
447
474
473
472
509
510
511
512
539
540
559
560
583
558
557
556
557
582
606
607
608
609
610
611
612
613
614
615
616
617
618
619
620
621
620
619
618
595
594
593
592
591
613
589
588
587
564
565
566
567
568
569
570
571
572
543
528
490
452
438
405
438
439
438
451
488
487
525
524
523
522
521
483
522
483
482
481
480
479
516
477
476
449
424
425
391
390
364
339
304
305
277
255
256
257
258
259
260
261
232
262
263
264
265
266
265
264
263
235
236
237
267
239
210
179
178
162
146
147
162
163
177
208
238
268
282
320
282
319
353
369
368
404
438
453
491
490
452
490
528
544
529
491
453
439
440
441
440
439
438
404
403
402
401
400
399
398
397
396
395
396
430
431
432
433
432
431
430
429
428
427
428
396
395
394
393
392
391
365
339
338
337
336
302
301
300
333
299
332
331
330
329
295
296
331
298
299
300
299
298
297
298
299
334
335
336
337
338
339
305
277
255
225
224
193
192
191
170
155
130
98
78
59
36
35
34
33
5
4
30
31
32
4
3
2
1
28
57
29
2
0
2
29
3
2
28
27
26
54
73
89
121
90
121
151
167
166
151
150
120
89
74
54
55
56
57
76
58
30
4
5
6
7
8
9
10
11
12
40
62
40
12
40
61
79
102
133
156
134
135
136
137
104
103
102
101
100
101
133
156
171
195
196
197
198
199
228
257
279
307
308
309
310
311
312
313
314
349
316
317
318
282
283
320
354
353
352
351
350
349
348
349
350
351
350
349
348
347
314
315
350
317
280
267
238
208
177
162
177
207
236
264
234
233
232
231
230
229
257
279
307
342
341
340
365
391
392
426
394
395
429
430
431
432
433
434
435
436
437
450
488
487
486
523
485
486
487
488
450
436
402
367
352
317
316
317
280
267
238
209
178
208
238
267
280
268
240
269
282
319
318
317
316
315
314
313
312
311
310
343
308
341
306
277
255
225
195
172
157
134
103
104
105
106
139
140
141
142
143
111
82
65
83
84
83
82
110
109
108
107
138
137
136
135
136
105
106
107
140
158
173
202
203
204
205
206
237
206
205
204
205
206
176
160
145
114
113
112
111
81
63
81
110
141
158
173
201
200
199
198
227
196
195
171
156
133
132
99
98
77
98
130
155
170
191
192
193
194
171
156
134
103
104
105
106
107
108
109
142
111
112
111
110
109
140
158
173
159
141
110
81
63
48
20
19
20
21
20
46
45
44
43
42
41
40
39
38
37
59
77
98
129
154
169
190
189
188
187
216
217
218
187
186
185
184
185
186
217
246
218
219
220
249
250
251
221
190
219
248
218
187
186
185
214
184
168
153
123
124
125
94
95
128
127
126
125
124
123
122
151
166
182
183
214
243
215
184
168
153
123
91
123
152
121
90
74
55
27
26
25
26
54
73
72
71
70
69
88
117
149
116
87
68
67
51
52
69
70
71
70
69
88
117
118
117
148
164
180
211
241
271
286
287
288
324
359
360
361
362
376
377
410
446
445
409
376
409
444
410
411
378
411
446
463
464
465
466
467
504
536
548
536
505
468
469
470
471
472
473
474
447
422
421
420
387
388
389
388
387
386
