99
98
97
96
95
94
93
92
76
58
30
3
2
1
28
55
56
29
2
0
2
3
4
5
6
7
8
9
10
11
12
13
14
15
16
17
18
19
20
21
48
64
65
83
111
142
141
159
140
139
138
137
136
105
106
107
108
109
110
81
64
63
81
110
141
158
173
201
200
199
198
197
196
226
255
277
305
304
303
302
301
334
300
335
334
333
332
331
330
329
328
327
326
363
362
361
360
359
358
357
371
407
443
455
456
457
458
459
460
499
500
501
502
465
466
503
504
505
538
551
552
553
578
579
580
557
539
512
540
558
582
605
581
556
555
554
577
600
601
600
599
576
577
578
579
580
581
604
603
602
580
557
558
559
560
561
584
585
586
609
587
588
589
590
591
592
593
570
594
617
616
615
614
590
565
564
563
562
561
560
559
541
514
515
516
479
480
481
482
483
484
485
486
487
488
450
437
438
439
440
441
440
439
452
490
528
529
544
543
573
597
596
572
542
527
526
525
524
523
522
521
520
519
518
517
478
477
476
475
474
511
512
513
514
515
477
476
448
474
473
472
471
470
469
468
467
505
537
551
575
551
550
549
536
548
535
534
533
501
462
444
409
376
408
409
410
446
463
464
465
466
467
506
507
508
509
510
509
508
471
472
473
474
475
447
423
391
425
424
449
476
514
541
559
583
606
607
608
609
610
611
612
613
623
622
612
589
566
567
568
569
570
571
595
618
619
620
621
598
574
544
529
491
453
438
405
404
403
402
401
400
432
433
434
435
436
451
489
488
450
436
403
368
369
353
319
282
269
240
210
179
178
208
207
206
205
235
234
204
203
233
262
232
231
230
229
259
260
261
262
263
264
236
237
238
208
177
162
163
178
209
239
268
281
318
280
317
351
316
315
314
313
312
311
310
309
343
344
345
346
347
348
349
350
316
315
314
313
312
311
344
343
342
341
340
339
364
389
388
420
419
418
384
385
386
387
421
422
390
391
392
393
394
395
394
426
427
428
429
430
431
397
396
397
398
399
400
401
402
367
352
353
354
320
283
270
269
268
267
266
265
237
236
207
177
161
146
147
161
176
175
160
145
144
143
110
82
112
113
114
113
84
83
64
49
48
47
46
45
44
43
42
41
40
39
38
37
60
77
78
59
36
8
7
6
32
31
5
6
33
34
35
36
37
38
39
40
61
79
102
134
157
172
195
226
225
254
253
252
223
222
221
220
219
218
217
187
186
185
215
214
213
183
182
166
151
121
90
74
54
26
25
26
27
28
57
75
91
123
153
167
152
168
184
214
243
244
245
246
247
248
249
250
251
223
224
194
193
192
191
220
248
247
246
245
216
186
187
188
189
190
191
192
193
194
171
195
171
156
133
134
135
104
105
137
138
139
140
141
159
174
202
173
201
230
258
257
279
307
308
341
366
365
390
389
364
339
306
278
256
257
228
198
197
227
256
278
306
340
339
338
337
336
335
334
333
332
331
330
295
294
327
326
325
362
376
377
378
379
412
413
414
415
416
417
416
415
383
382
381
380
379
411
445
461
498
497
496
495
494
493
532
547
546
545
530
531
492
454
442
406
370
357
322
285
284
321
355
356
323
286
272
242
212
242
272
286
287
288
289
290
291
292
293
294
295
296
297
298
333
299
298
297
296
295
294
293
292
291
290
274
275
276
291
325
362
375
374
373
372
359
324
288
273
288
287
286
272
271
241
211
181
165
180
211
180
164
149
117
118
117
88
116
148
116
86
85
86
115
116
117
87
67
66
50
51
52
53
23
24
23
22
52
67
68
69
70
71
72
73
89
120
119
120
150
120
121
122
123
124
125
126
127
128
129
130
131
132
100
99
98
130
155
170
155
154
169
191
192
193
194
171
156
133
102
79
61
41
42
43
42
41
62
80
103
134
101
100
99
