414
380
379
378
377
376
362
325
291
290
289
288
287
286
272
242
212
181
165
149
117
88
69
70
71
72
73
55
28
2
3
2
28
55
73
72
71
70
69
53
23
24
23
53
69
88
117
149
165
181
212
242
272
286
323
357
371
407
443
455
456
457
458
459
460
461
444
409
376
363
326
327
328
329
294
293
292
291
290
289
288
287
286
271
241
211
180
164
148
164
180
211
241
271
286
287
288
289
290
291
292
293
294
295
296
297
298
299
300
301
302
303
304
339
340
341
342
343
344
345
346
347
348
349
350
351
352
353
367
402
401
400
399
398
397
396
397
398
399
400
401
402
436
450
488
527
542
572
571
572
543
529
543
572
571
570
569
592
614
590
566
565
566
567
592
616
592
567
566
565
564
563
562
561
560
559
541
513
512
511
510
509
508
507
506
505
504
535
536
537
551
552
553
554
555
556
557
539
512
474
447
422
389
364
340
305
304
303
302
301
300
299
298
297
296
295
294
293
292
291
290
291
325
362
375
409
444
461
460
459
458
457
456
455
443
407
371
357
323
286
272
242
212
180
164
180
211
241
271
285
322
356
370
406
442
454
442
406
370
357
358
359
360
361
362
326
293
326
363
376
409
444
461
460
459
496
457
456
455
442
406
370
356
321
356
370
406
443
455
456
457
458
459
460
461
445
411
377
376
363
326
293
294
295
296
297
298
297
296
295
294
293
326
363
376
409
445
463
464
503
464
463
445
409
375
361
360
359
324
288
287
286
271
241
211
180
164
148
116
87
69
70
71
72
73
89
120
151
167
151
150
120
89
73
72
71
70
69
88
117
118
117
87
68
52
22
52
68
87
116
148
164
180
211
241
271
285
321
355
356
357
358
359
360
361
362
376
377
378
412
411
446
463
464
465
504
537
551
552
577
552
551
537
504
465
464
463
445
409
376
363
326
362
361
360
372
359
324
288
287
286
272
242
212
181
165
149
117
88
69
70
71
72
73
54
27
55
74
54
26
25
26
54
73
89
120
119
120
151
167
184
185
186
187
188
189
190
191
192
193
194
195
196
197
198
199
200
201
202
203
204
205
206
207
206
205
204
203
202
201
200
199
198
227
255
277
305
304
303
302
301
300
301
302
303
304
305
306
307
308
309
310
311
312
313
314
315
316
317
281
317
316
315
314
313
312
311
310
309
308
307
306
305
304
303
302
303
304
305
306
340
365
390
423
448
475
513
540
559
560
561
562
563
564
565
566
567
592
591
590
612
588
587
586
585
584
559
541
514
476
449
424
390
364
339
304
303
302
301
300
299
300
301
302
303
304
339
364
389
423
449
476
514
541
559
560
561
562
563
564
565
566
567
568
593
594
595
596
595
570
571
572
596
619
596
572
542
527
488
450
436
402
367
352
351
350
317
281
269
270
269
281
317
316
315
348
349
350
351
352
367
402
367
352
317
280
267
266
265
236
206
175
160
146
145
144
143
142
141
140
139
138
137
136
135
134
133
132
131
130
154
169
190
189
188
189
220
221
222
223
224
225
255
278
307
308
309
310
311
312
347
346
345
344
343
342
341
366
391
392
393
394
395
394
393
392
391
423
424
425
426
427
428
429
430
431
432
433
434
435
436
437
452
451
488
487
486
485
484
483
482
481
480
479
478
477
476
475
474
473
510
471
470
469
468
467
466
465
464
463
462
463
464
465
466
467
468
469
470
471
472
473
474
475
476
477
478
477
514
540
557
580
602
603
604
605
606
582
557
539
512
474
447
422
421
420
419
385
384
383
382
381
380
379
378
377
376
362
325
291
290
289
288
287
286
272
242
211
180
164
148
116
86
68
69
70
71
72
73
89
120
89
73
55
28
29
30
31
32
33
34
35
36
59
77
98
130
155
170
191
192
193
194
225
255
278
307
308
307
279
257
258
259
260
261
262
263
262
261
260
259
258
230
201
173
158
141
158
173
201
200
229
257
279
307
341
366
391
424
449
476
514
541
559
583
607
583
558
539
512
474
447
422
388
387
386
385
384
383
382
381
380
379
411
446
463
464
465
504
537
551
576
599
576
551
538
506
469
470
471
472
473
474
447
422
421
420
419
418
384
383
382
381
380
379
378
377
376
375
409
444
461
500
461
460
459
458
457
458
459
460
461
444
409
376
363
326
293
294
295
296
295
294
293
326
362
361
375
409
445
463
464
465
504
505
506
507
508
509
510
511
512
513
514
515
516
517
518
519
480
479
478
477
476
449
424
425
426
427
428
429
430
431
432
433
434
435
436
450
488
527
542
572
571
570
593
615
616
617
618
619
620
621
620
619
618
617
616
615
614
613
612
611
610
609
608
586
587
588
589
590
591
590
589
588
587
586
585
584
583
582
581
580
579
578
577
576
553
554
555
556
557
539
512
474
447
422
447
474
512
540
559
560
559
541
514
515
514
513
512
511
510
509
508
507
506
505
504
503
502
501
500
499
498
459
458
457
456
455
442
406
370
356
322
285
271
241
211
241
271
285
322
357
358
359
360
361
362
326
327
328
327
326
362
361
360
359
358
357
356
357
358
359
360
361
375
409
444
462
501
534
503
504
505
506
507
508
509
510
511
512
540
513
475
448
424
392
393
394
395
396
397
396
395
394
393
392
391
366
341
342
343
344
343
342
341
365
389
388
387
386
385
384
383
382
381
380
379
380
381
382
383
384
385
386
387
388
389
390
423
448
475
513
540
559
560
561
562
563
564
589
612
622
623
612
588
587
586
585
584
583
582
581
558
559
560
561
562
563
564
565
590
565
564
563
562
561
560
559
558
557
580
555
554
553
552
551
537
505
468
469
470
471
472
473
474
448
475
513
540
559
560
561
562
563
564
565
566
567
568
569
570
571
572
542
527
489
451
438
404
368
352
317
280
267
237
206
175
160
145
112
82
81
82
112
145
160
175
206
236
266
236
205
204
203
202
201
200
199
198
197
196
195
194
193
192
191
170
155
130
99
100
101
102
79
61
41
15
16
17
18
45
46
47
46
45
44
43
42
41
40
39
38
37
59
77
98
97
96
95
126
127
128
129
130
131
132
133
134
135
136
137
138
139
140
158
173
158
140
107
106
105
104
103
102
101
102
79
61
40
13
40
61
79
102
135
102
79
61
40
12
11
10
36
59
77
98
97
96
95
94
93
92
75
57
56
55
73
72
71
70
69
88
117
149
165
181
212
242
272
286
287
288
289
290
291
325
291
290
289
288
287
286
272
242
212
181
165
149
117
88
69
70
71
72
73
55
28
29
30
31
32
33
34
35
36
37
38
39
40
41
42
43
44
45
46
47
48
63
82
112
145
160
176
160
145
112
82
63
81
110
141
158
173
201
200
229
257
278
305
339
364
389
422
447
474
473
472
471
470
469
506
537
506
469
470
471
472
473
474
475
476
477
478
479
478
477
514
541
559
560
585
609
587
564
565
566
567
568
569
570
571
572
543
572
571
570
569
568
567
566
565
564
563
564
565
566
567
568
569
570
571
572
542
527
488
450
436
435
434
433
432
431
430
429
428
394
393
392
391
390
389
388
387
386
385
386
387
388
389
364
339
305
277
255
225
194
193
192
191
190
189
218
246
216
185
184
168
153
123
92
93
94
95
96
97
98
99
100
133
156
171
194
225
255
277
305
339
364
389
388
422
447
475
514
540
557
556
579
556
557
539
512
474
447
422
389
364
339
305
277
255
225
195
172
157
134
102
79
61
79
103
79
61
40
12
11
10
9
8
7
6
5
4
3
2
1
28
55
73
72
71
70
69
53
23
53
69
88
117
149
165
181
212
242
272
286
287
288
289
290
291
325
362
376
377
410
444
445
463
464
465
504
537
551
552
553
554
555
556
557
558
583
559
541
514
476
449
424
425
426
425
424
449
476
477
478
479
480
481
482
483
484
483
482
481
480
479
478
477
476
448
423
390
365
340
306
278
305
339
364
389
388
387
386
385
417
383
382
381
380
379
378
377
376
362
325
291
276
291
325
362
361
360
359
358
357
371
357
323
286
287
288
324
359
358
357
371
407
443
455
456
495
494
493
455
443
407
371
357
323
286
287
288
273
288
324
359
360
361
375
408
376
362
325
291
290
289
288
287
286
272
242
212
181
165
149
117
88
69
53
52
67
85
86
116
148
164
180
211
241
271
285
322
286
287
288
289
290
291
290
289
288
287
286
322
356
370
406
442
454
492
531
530
546
531
492
454
442
406
370
356
322
286
287
288
289
290
291
325
362
375
409
445
411
379
380
381
382
383
384
385
386
387
388
389
390
391
425
391
366
341
308
309
310
311
312
311
310
309
308
307
278
255
225
224
223
222
221
190
169
154
129
96
127
128
129
154
169
191
222
193
194
171
195
196
197
198
199
200
201
202
203
204
205
206
237
206
175
160
145
112
82
63
48
20
19
18
17
16
15
14
13
12
11
10
9
8
7
6
5
4
30
57
75
91
123
152
167
183
184
185
186
187
188
189
190
191
192
193
194
225
255
277
305
304
303
336
337
338
339
364
389
388
387
386
385
384
383
382
381
380
379
378
377
376
362
361
360
359
358
357
370
406
370
356
322
285
271
241
211
180
164
148
116
86
66
50
51
52
69
70
71
72
73
54
26
54
55
56
57
75
92
93
94
95
96
129
154
169
191
192
223
224
225
255
277
305
339
365
391
366
341
307
279
257
229
200
201
173
158
141
110
111
112
113
114
145
160
175
206
205
234
233
232
231
259
258
257
279
307
341
366
391
392
393
394
393
392
391
390
389
388
387
386
385
384
383
382
381
380
379
378
377
376
375
374
373
374
375
409
445
463
464
465
466
467
468
469
508
471
472
473
474
447
422
389
365
341
342
343
344
345
346
347
348
349
316
317
280
267
237
236
235
234
233
204
205
206
175
160
145
113
84
83
82
110
109
108
107
140
159
140
139
140
158
173
201
231
260
232
203
204
203
202
201
200
229
257
278
305
339
364
389
422
447
448
476
449
424
391
366
341
308
309
310
311
312
313
314
315
316
317
280
267
239
210
239
268
281
318
352
367
402
401
402
367
352
318
280
267
238
208
177
162
177
208
238
267
280
317
316
315
314
313
314
315
316
317
280
267
238
209
238
267
280
317
316
315
314
313
312
311
310
309
308
307
278
255
254
253
252
251
250
249
221
192
193
194
195
196
197
198
199
200
201
202
203
202
201
200
229
257
278
305
304
303
302
301
300
299
298
297
330
329
328
327
326
363
376
409
445
463
502
535
548
535
502
503
536
550
536
503
464
463
446
411
412
413
414
415
416
384
385
386
387
388
389
364
339
306
279
256
226
195
194
193
192
191
190
189
188
187
186
185
184
183
182
166
152
123
124
125
126
127
128
129
130
131
132
133
134
101
100
99
77
59
36
8
7
6
33
32
31
30
29
28
55
73
72
71
70
69
87
116
148
164
180
211
241
271
285
322
356
370
406
442
455
456
457
458
459
460
461
462
463
464
465
504
537
551
552
553
554
555
556
557
539
512
474
447
422
421
389
364
339
305
277
255
225
194
171
156
133
100
99
77
59
36
35
34
33
32
31
30
57
30
4
5
6
7
8
9
36
59
77
99
100
133
156
172
156
133
100
99
77
59
37
11
12
13
14
15
41
61
79
102
134
157
172
195
196
197
198
199
200
201
202
203
204
205
206
237
267
280
317
352
368
404
438
439
440
441
440
439
438
451
488
450
436
402
367
352
317
316
315
314
313
312
311
310
309
308
307
278
255
227
198
199
200
229
257
278
305
339
364
389
422
447
474
512
539
512
473
472
471
470
469
468
467
466
465
464
463
446
411
378
377
376
363
326
327
328
329
330
331
298
299
300
301
302
303
304
305
277
255
225
196
197
198
199
200
201
202
201
200
229
257
279
307
341
366
391
424
449
476
514
541
559
560
561
586
610
588
565
566
567
568
569
570
571
572
542
527
489
451
437
404
369
354
320
354
368
403
436
450
488
487
486
524
487
488
450
436
402
367
352
317
316
315
314
313
312
311
310
309
308
341
365
389
422
447
474
473
472
509
508
507
506
537
549
535
502
501
500
499
498
497
460
461
462
463
464
465
466
467
468
469
470
471
472
473
474
475
476
477
476
449
424
391
366
341
307
279
257
229
200
201
173
158
140
107
106
105
104
103
79
61
40
39
38
37
36
35
36
37
38
39
40
41
42
43
44
45
46
47
48
63
82
112
145
160
175
161
147
146
145
144
143
142
141
159
174
201
230
231
230
229
257
278
305
339
364
389
422
447
474
512
539
557
556
555
554
553
552
551
538
506
469
470
471
472
473
474
447
422
389
365
341
308
309
310
309
308
341
365
389
422
447
474
473
472
471
470
469
506
538
551
575
552
553
554
555
556
557
539
512
474
447
422
388
387
386
385
384
383
415
381
380
379
378
377
376
363
326
293
294
295
296
297
298
299
300
301
302
303
304
305
277
255
226
255
277
305
339
365
391
392
393
427
395
396
397
398
399
398
397
396
395
394
393
392
424
448
474
512
539
557
556
555
578
600
578
555
556
557
539
512
474
447
422
389
364
339
305
277
255
225
194
171
156
133
100
99
77
59
36
59
77
99
100
133
156
171
194
225
255
277
305
339
365
391
392
393
394
395
396
397
398
397
396
395
394
393
392
391
365
339
305
277
255
254
253
252
253
254
255
277
305
339
364
389
422
447
474
512
540
559
560
585
584
583
582
581
603
580
557
539
512
474
447
422
389
364
339
305
277
255
225
224
223
222
221
220
219
218
217
216
215
214
184
168
153
123
91
75
58
76
92
93
94
95
96
97
98
99
100
133
156
171
195
196
197
198
199
200
201
173
158
141
142
143
144
112
111
110
141
158
173
201
200
199
228
256
277
305
304
303
302
301
300
299
298
297
296
295
294
327
326
362
361
360
359
358
357
370
356
323
286
287
288
324
359
358
357
370
406
442
454
492
531
545
531
493
494
493
532
493
494
495
496
497
498
499
500
501
533
534
535
536
537
551
552
553
578
553
552
551
537
536
503
464
463
445
409
375
362
325
291
275
274
288
287
286
322
356
370
406
442
454
492
455
456
457
458
459
460
461
444
409
376
363
326
293
294
295
296
297
298
299
300
301
302
303
304
339
364
389
422
448
476
477
478
479
480
481
482
483
484
485
486
487
488
489
488
487
486
485
484
483
482
481
480
479
516
479
480
481
482
483
484
485
486
487
488
450
437
438
439
438
405
438
452
490
528
543
573
542
527
488
450
436
403
368
353
319
281
267
238
208
177
207
236
235
234
233
232
231
230
229
198
197
196
226
255
277
305
339
364
389
388
387
388
389
364
339
305
277
255
227
198
197
196
195
172
157
134
102
79
102
101
100
99
98
99
100
133
156
171
195
196
197
198
199
200
201
202
203
204
205
206
207
238
207
175
160
145
112
111
82
64
49
64
83
113
146
162
178
209
239
269
283
319
352
367
402
436
450
488
527
542
572
571
594
571
572
542
527
488
450
436
450
489
528
490
489
526
525
524
523
522
485
486
487
488
489
490
491
452
437
403
436
450
436
403
368
353
319
282
269
281
317
351
352
367
402
436
450
488
527
542
572
595
617
595
572
542
527
488
450
436
403
368
353
319
282
269
240
210
179
178
162
161
160
175
206
235
206
175
160
145
112
82
63
48
20
19
18
17
16
15
14
13
12
11
10
9
8
9
10
11
12
13
14
15
16
17
18
19
20
48
63
82
112
145
161
177
209
240
209
177
161
145
112
82
63
48
47
46
45
44
43
42
41
62
80
103
104
105
104
103
134
157
172
195
225
255
277
305
339
365
391
392
393
392
424
448
474
512
539
557
556
555
554
555
556
557
540
514
515
516
517
518
479
478
477
476
475
474
473
512
539
557
581
604
581
557
539
512
474
447
422
389
364
339
305
278
257
229
200
201
173
158
173
201
200
199
228
257
279
307
341
366
391
424
449
476
514
541
559
560
561
562
587
611
589
590
591
592
593
594
595
596
597
598
597
596
618
596
573
544
528
489
488
487
486
485
484
483
482
481
480
479
478
477
476
475
474
511
472
471
470
469
468
467
466
465
464
463
445
409
375
374
362
326
293
294
295
296
297
298
299
300
301
302
303
304
305
277
256
228
229
230
231
232
202
174
159
141
142
143
144
145
160
175
206
237
267
280
317
352
368
403
436
450
488
527
542
572
597
572
542
527
489
451
436
435
434
433
432
431
430
398
399
400
401
402
367
352
318
281
268
239
209
178
163
162
161
145
144
143
142
141
140
139
138
137
104
103
134
157
172
195
225
255
277
305
304
303
302
301
302
303
304
305
278
257
229
200
201
173
158
141
110
81
64
48
47
46
45
44
43
42
41
40
39
38
37
60
37
11
12
13
14
15
16
17
18
19
20
21
20
19
18
17
16
15
41
61
79
102
101
100
99
130
154
169
190
169
154
130
99
100
101
102
103
104
105
106
107
108
109
110
111
112
113
83
64
48
47
46
45
44
43
42
41
40
39
38
37
60
78
99
132
131
130
154
169
190
219
247
248
249
250
251
252
253
254
255
278
307
308
309
310
311
312
313
314
315
316
317
352
367
402
401
433
432
431
397
396
395
394
393
392
391
365
364
339
305
277
255
225
224
223
222
221
220
219
218
187
186
185
184
167
152
167
184
185
186
217
186
185
184
168
153
123
91
75
57
29
2
28
55
74
90
121
151
166
183
214
244
215
185
186
216
217
218
219
220
221
222
223
224
225
226
227
228
229
230
231
232
233
234
264
265
266
267
280
267
266
265
264
263
262
261
260
259
258
257
278
305
304
303
302
301
300
333
300
301
302
303
304
305
277
256
228
199
200
231
261
260
259
258
257
256
255
254
224
194
171
156
134
103
104
105
106
107
108
140
158
173
201
200
229
257
278
305
339
364
389
422
447
474
473
472
471
470
469
506
538
551
552
553
554
555
556
581
605
582
558
540
513
475
448
424
425
426
427
428
429
430
431
432
433
434
435
436
450
488
527
542
572
596
620
596
572
542
527
488
450
436
402
401
400
401
402
403
404
438
439
440
439
453
491
529
544
574
543
527
488
487
486
485
484
483
482
483
484
485
486
525
526
527
542
572
571
570
569
568
567
566
565
564
563
562
561
560
559
540
512
474
447
422
389
364
339
338
339
364
389
422
448
476
477
478
479
480
481
482
521
520
481
480
479
478
477
476
449
424
391
366
341
308
309
308
341
365
389
388
387
386
385
384
383
382
381
413
414
415
416
417
418
419
420
421
422
447
474
512
539
557
539
513
514
515
516
517
518
519
520
521
522
523
524
525
526
527
490
453
438
404
368
353
319
282
281
317
316
315
314
313
312
311
310
309
308
341
366
340
305
277
255
225
194
171
156
133
100
99
77
59
36
8
7
6
5
4
3
2
28
55
73
72
71
70
69
88
117
149
165
149
117
88
69
70
71
72
73
55
28
29
3
4
5
4
30
58
76
92
93
92
123
153
168
152
121
89
73
72
71
70
71
72
73
90
74
55
56
57
75
91
123
153
168
184
215
214
213
183
167
153
123
92
93
94
95
96
97
98
77
59
37
11
12
13
14
15
16
17
16
15
14
13
12
38
39
40
61
79
102
101
100
99
77
59
36
35
34
35
36
59
78
99
100
133
156
171
194
225
255
277
305
304
303
302
301
300
299
332
299
300
301
302
303
304
305
278
257
229
200
201
173
158
141
110
82
65
82
110
109
108
107
106
105
136
137
138
139
140
158
173
201
200
229
257
279
307
308
343
344
345
346
311
310
309
308
307
278
255
225
194
171
156
133
100
99
100
101
102
103
104
105
106
107
108
109
110
82
83
112
145
160
176
208
207
206
205
204
203
202
201
200
199
198
197
196
195
194
193
192
191
220
248
249
250
251
252
253
254
255
277
306
341
342
307
278
255
225
194
193
192
191
169
154
169
191
192
193
194
225
255
277
305
304
303
302
335
334
299
298
297
296
295
294
293
292
291
275
274
288
287
286
323
357
371
407
370
356
322
285
271
241
211
180
164
148
116
86
67
68
69
70
71
72
73
89
120
151
167
184
215
245
215
184
168
153
123
91
75
57
30
31
32
33
34
35
36
37
38
39
40
61
79
102
133
156
171
194
193
222
250
220
189
188
187
186
185
184
167
151
120
89
73
72
71
70
69
68
87
69
70
71
72
73
89
73
72
71
70
69
88
117
149
165
181
212
242
272
286
271
241
211
180
164
148
116
148
164
180
211
241
271
285
284
322
357
358
359
360
361
375
409
444
461
499
500
501
502
503
504
505
506
507
468
467
466
465
464
463
445
409
375
361
360
359
324
288
287
286
272
242
212
181
165
149
117
88
69
70
71
72
73
55
56
57
75
57
30
31
32
33
34
35
36
37
38
39
40
62
80
103
104
105
106
107
140
109
110
81
63
48
20
19
18
17
16
17
18
19
20
48
63
81
110
142
143
144
145
160
176
208
239
208
207
206
205
206
237
267
280
317
352
367
402
435
436
450
488
487
486
485
523
486
487
488
450
436
402
367
352
318
281
268
280
317
316
315
314
313
312
345
310
309
308
307
340
365
339
305
277
255
225
195
172
157
134
102
80
62
41
14
42
41
61
79
102
134
157
171
194
223
251
221
191
170
190
189
188
187
186
215
243
215
216
217
218
219
190
191
192
191
170
155
129
128
127
126
125
124
123
122
121
122
123
91
76
57
28
57
75
92
93
94
95
96
129
154
169
190
189
188
187
188
189
190
169
154
130
131
130
129
128
127
126
125
124
123
122
121
89
73
72
71
70
69
87
115
116
148
164
180
211
241
271
286
287
288
289
290
291
325
362
376
410
446
463
464
465
466
467
506
469
470
471
472
473
474
447
422
389
364
339
338
337
338
339
364
389
422
447
474
473
472
471
470
469
468
467
466
465
464
463
445
409
375
361
360
359
324
288
287
286
271
241
211
180
164
148
116
86
67
51
66
67
68
69
70
71
72
73
55
28
2
0
2
28
55
73
72
71
70
69
88
117
149
117
88
68
52
69
70
71
72
73
89
121
122
123
124
125
126
127
128
129
130
99
100
101
102
79
61
41
15
16
17
18
19
46
47
48
63
81
110
141
158
173
201
200
229
257
227
196
195
171
156
133
100
99
98
97
96
95
94
93
92
76
58
30
57
75
91
123
122
123
91
124
93
94
95
96
97
98
77
59
37
38
39
40
41
61
79
102
134
157
172
195
225
255
277
305
304
303
302
301
300
299
298
297
296
295
294
293
326
363
376
409
445
463
464
465
466
467
468
469
470
471
472
473
512
540
559
560
561
562
563
564
589
613
589
564
563
562
561
560
559
558
557
556
555
556
557
539
512
474
447
422
388
387
386
385
384
383
382
381
380
379
411
446
463
464
465
466
467
468
467
466
465
464
463
445
409
376
363
326
292
325
362
361
360
359
358
357
371
407
443
455
493
532
547
532
493
494
495
496
497
498
499
500
501
502
503
504
505
506
507
508
509
510
511
512
540
559
560
561
562
587
562
561
560
559
558
557
556
579
601
577
552
551
537
504
465
464
463
446
411
412
413
414
