300
301
335
336
337
302
303
304
338
339
340
341
342
308
343
344
309
310
311
345
346
347
312
313
314
348
349
315
316
350
351
317
318
319
353
352
367
402
435
434
433
401
400
399
432
431
398
397
396
430
429
428
395
394
393
427
426
425
424
392
391
390
366
365
364
389
423
448
449
476
477
478
479
480
481
482
483
484
485
486
487
488
526
525
524
523
522
521
520
519
518
517
516
515
514
541
559
560
561
562
563
564
565
566
567
568
569
570
571
572
596
619
620
621
598
597
573
543
574
544
529
491
453
439
440
441
440
439
438
405
404
437
451
452
490
528
542
527
489
450
436
403
368
369
354
320
283
270
282
281
280
267
268
269
240
210
179
209
239
208
178
163
162
177
176
207
237
238
266
265
236
235
234
264
263
262
261
260
259
230
229
258
257
228
227
256
278
279
307
306
305
277
255
226
196
197
198
199
200
201
173
158
159
174
202
231
232
233
203
204
205
206
175
160
161
147
146
114
113
145
144
143
142
141
140
139
138
106
107
108
109
110
81
82
111
112
84
83
65
64
63
49
48
47
21
20
19
46
45
44
18
17
16
43
42
15
14
13
12
11
10
9
36
35
8
7
34
33
6
5
32
31
4
3
30
58
76
92
124
125
93
94
126
127
95
96
128
129
97
98
99
78
77
59
60
37
38
39
40
41
62
80
61
79
102
103
104
105
137
136
135
134
157
172
195
225
254
253
252
251
250
249
248
247
246
245
244
243
214
215
216
217
218
219
220
221
222
192
193
223
224
194
171
156
133
101
100
132
131
130
155
154
169
170
191
190
189
188
187
186
185
184
213
183
182
166
151
150
120
119
120
121
122
152
167
168
153
123
91
75
57
29
2
0
2
1
28
56
55
27
26
25
26
54
74
90
89
73
72
71
70
69
88
87
67
68
53
23
24
23
22
52
51
50
66
85
86
115
116
117
118
117
149
148
164
165
181
212
180
211
241
242
272
271
285
284
321
355
322
286
287
286
323
357
356
370
371
407
443
455
442
406
442
454
492
531
530
545
546
547
532
493
456
494
495
457
458
496
497
459
460
498
499
500
462
461
444
445
446
463
501
533
534
535
548
549
550
551
538
506
505
537
536
504
503
502
464
465
466
467
468
469
507
508
470
471
472
509
510
511
473
512
539
557
581
580
556
555
554
553
552
575
576
599
600
577
578
579
601
602
603
604
605
606
607
608
609
610
611
612
622
623
613
614
615
616
617
618
595
594
593
592
591
590
589
588
587
586
585
584
583
582
558
540
513
475
474
447
422
421
388
387
386
420
419
418
385
384
383
417
416
415
382
381
414
413
380
379
412
411
378
377
410
409
408
375
376
363
362
361
360
374
373
372
359
358
359
324
288
273
274
289
290
275
276
291
325
326
292
293
294
327
328
329
295
296
330
331
332
297
298
299
333
334
300
