190
189
188
187
186
185
215
216
217
218
219
220
221
222
223
224
225
254
253
252
251
250
249
248
247
246
245
244
243
214
184
168
153
123
91
75
57
29
56
28
1
2
0
2
3
4
5
6
7
8
9
10
11
12
13
14
15
16
17
18
19
20
21
48
49
64
65
82
111
142
143
144
112
83
84
113
114
145
160
175
206
205
204
203
202
174
159
141
109
110
81
63
48
47
46
45
44
43
42
41
40
39
38
37
36
35
34
33
32
31
30
58
76
92
93
94
95
96
97
98
77
59
60
78
99
100
101
133
132
131
130
155
170
169
154
129
128
127
126
125
124
123
122
152
167
183
213
183
182
166
151
150
120
119
120
121
90
74
55
27
26
25
26
54
73
89
73
72
71
70
69
53
23
24
23
22
52
68
67
51
50
66
85
86
87
88
117
118
117
116
115
116
148
164
149
165
181
212
242
211
180
211
241
271
272
286
287
286
285
284
321
355
322
323
356
370
406
442
454
492
531
530
545
546
547
532
493
494
495
496
497
498
499
500
501
533
534
502
464
463
462
461
460
459
458
457
456
455
443
407
371
357
358
359
372
373
374
360
361
362
325
291
276
275
274
273
288
324
288
289
290
291
292
293
294
295
329
328
327
326
363
375
408
409
376
377
410
444
445
446
411
378
379
380
381
380
412
413
414
415
416
382
383
384
417
418
385
386
387
419
420
421
388
389
364
339
338
337
336
335
334
333
332
331
330
296
297
298
299
300
301
302
303
304
305
277
255
256
278
306
340
365
390
423
422
447
448
449
476
475
474
473
472
471
470
469
468
467
466
465
503
535
548
549
550
551
552
553
554
555
556
555
578
579
580
581
582
558
557
539
540
541
559
583
584
560
561
562
585
586
587
563
564
565
566
567
568
569
592
593
594
595
570
571
572
596
597
573
543
528
542
527
526
525
487
486
485
484
483
484
485
524
523
522
521
520
519
518
481
482
481
480
479
517
516
478
477
515
514
513
512
511
510
509
508
507
506
505
504
536
537
538
551
575
576
577
599
600
601
602
603
604
605
606
607
608
609
610
611
588
589
612
622
623
613
590
591
614
615
616
617
618
619
620
621
598
574
544
529
491
490
489
488
450
451
452
453
439
440
441
440
439
438
405
437
436
435
434
433
432
400
401
400
399
398
397
396
395
396
397
431
430
429
428
427
426
394
393
392
425
424
391
366
341
342
343
344
345
346
347
348
349
350
351
352
318
281
280
317
316
315
314
313
312
311
310
309
308
307
279
257
258
259
260
261
262
263
264
265
266
267
268
269
270
283
320
354
369
404
403
402
367
368
353
319
282
269
240
210
179
178
177
163
162
147
146
161
176
207
208
209
239
238
237
236
235
234
233
232
231
230
229
228
227
226
196
197
198
199
200
201
173
158
140
108
107
139
138
137
106
105
104
136
135
103
80
62
61
79
102
134
157
156
171
172
195
194
193
192
191
190
