227
226
225
224
223
222
221
220
219
218
217
216
215
214
183
182
166
151
121
90
74
73
72
71
70
69
88
117
118
117
87
86
85
66
50
51
67
86
115
116
148
164
180
211
241
271
285
284
321
355
356
357
358
359
360
361
362
363
326
327
328
329
330
331
332
333
334
335
336
337
338
339
340
341
342
343
344
345
346
347
348
349
350
351
352
368
404
405
438
452
490
528
543
542
572
571
570
569
592
614
613
623
622
612
588
587
586
585
584
583
558
540
513
475
448
449
476
514
541
559
560
561
562
563
564
565
566
567
568
569
570
571
572
573
597
596
595
594
593
592
591
590
589
588
587
586
585
584
583
582
581
580
579
578
577
576
575
576
599
600
601
602
603
604
605
606
607
608
609
610
611
612
613
614
615
616
617
618
619
620
621
598
574
544
529
491
453
439
440
441
440
439
438
437
436
435
434
433
432
431
430
429
428
427
426
425
424
423
422
421
420
419
418
417
416
415
414
413
412
411
410
409
408
375
362
325
291
276
275
274
273
288
287
288
289
290
291
292
293
294
295
296
297
298
299
300
301
302
303
304
305
306
307
308
309
310
311
312
313
314
315
316
317
280
267
238
208
177
162
147
146
113
84
83
82
81
63
48
20
19
18
17
16
15
41
62
80
61
79
102
134
157
172
195
225
255
277
278
279
307
341
366
365
364
389
422
447
474
512
539
557
556
555
554
553
552
551
550
549
548
535
534
533
534
535
536
537
538
505
466
465
464
463
446
445
444
409
375
361
360
359
324
359
372
373
374
375
376
377
378
379
380
381
382
383
384
385
386
387
388
389
390
391
392
393
394
395
396
397
398
399
400
401
402
367
352
318
281
268
239
209
178
163
178
179
210
240
269
282
319
353
368
403
436
450
488
487
486
485
484
483
482
481
480
479
478
477
476
475
474
473
472
471
470
469
468
467
466
465
464
463
462
461
460
459
458
457
456
493
531
530
545
546
547
532
493
455
443
407
371
357
323
286
272
242
212
181
165
149
117
88
69
53
23
24
23
22
52
68
87
116
148
164
180
211
241
271
285
322
356
370
406
442
454
492
493
494
495
496
497
498
499
500
501
502
503
504
505
506
507
508
509
510
511
512
513
514
515
516
517
518
519
520
521
522
523
524
525
526
527
489
451
437
404
369
354
320
283
270
269
240
210
209
208
207
206
205
204
203
202
201
200
199
198
197
196
195
194
193
192
191
170
155
130
98
77
59
36
35
34
33
32
31
30
29
28
27
26
25
26
54
73
89
120
119
120
150
120
89
73
54
55
56
57
75
91
123
153
168
184
185
186
187
188
189
190
169
154
129
97
96
95
94
93
92
76
58
30
2
0
2
1
2
3
4
5
6
7
8
9
10
11
12
13
14
15
16
17
18
19
20
21
48
49
64
65
64
48
47
46
45
44
43
42
41
40
39
38
37
60
78
99
100
101
102
103
104
105
106
107
108
109
110
111
112
113
114
146
161
176
207
237
266
265
264
263
262
261
260
259
258
257
256
255
254
253
252
251
250
249
248
247
246
245
244
243
214
213
183
167
152
122
123
124
125
126
127
128
129
130
131
132
133
156
171
156
134
135
136
137
138
139
140
158
173
174
159
141
142
143
144
145
160
175
206
236
235
234
233
232
231
230
229
228
227
