427
428
429
430
431
432
433
434
435
436
437
438
439
440
441
440
439
438
405
404
369
354
320
283
270
269
240
210
179
178
177
176
161
162
163
162
147
146
114
113
112
111
110
109
108
107
106
105
104
103
80
62
61
79
102
101
100
99
78
60
37
38
39
40
41
42
43
44
45
46
47
48
49
64
65
83
84
83
82
81
63
48
21
20
19
18
17
16
15
14
13
12
11
10
9
8
7
6
5
4
3
2
0
2
1
28
56
57
58
76
75
91
92
93
94
95
96
97
98
77
59
36
35
34
33
32
31
30
29
28
27
26
25
26
54
55
74
90
89
120
150
120
119
120
121
122
123
124
125
126
127
128
129
154
169
190
191
170
155
130
131
132
133
156
171
194
193
192
193
194
195
172
157
134
135
136
137
138
139
140
141
142
143
144
145
160
175
206
205
204
203
202
174
159
158
173
201
200
199
198
197
196
226
225
224
223
222
221
220
219
189
188
218
217
216
187
186
185
215
214
213
183
167
182
166
151
152
153
168
184
214
243
244
245
246
247
248
249
250
251
252
253
254
255
277
305
339
340
306
278
256
227
228
229
230
231
232
233
234
235
236
207
237
266
265
264
263
262
261
260
259
258
257
279
307
308
309
310
311
312
313
314
315
316
317
318
352
367
402
401
400
399
398
397
396
395
394
393
392
391
390
389
388
387
386
385
384
383
382
381
380
379
378
377
410
445
462
500
499
498
497
496
495
494
493
532
547
546
545
530
531
492
454
442
406
370
356
322
285
271
241
211
180
164
148
116
115
86
85
66
50
51
67
86
87
69
70
71
72
73
72
71
70
69
53
23
24
23
22
52
68
88
117
118
117
149
165
181
212
242
272
286
323
357
371
407
443
455
456
457
458
459
460
461
444
409
408
375
362
325
291
276
275
290
289
274
273
288
287
286
285
284
321
355
356
357
358
359
324
359
372
373
360
361
374
375
376
363
326
292
293
327
328
329
330
331
332
333
334
335
336
337
302
301
300
299
298
297
296
295
294
295
296
297
298
299
300
301
302
303
304
338
339
364
365
366
341
342
343
344
345
346
347
348
349
350
351
317
280
267
238
208
209
239
268
281
282
319
353
368
403
436
450
451
452
453
491
529
544
574
598
621
620
619
618
617
616
615
614
613
623
622
612
611
610
609
608
607
606
605
604
603
602
601
600
599
576
575
576
577
578
579
580
581
582
583
584
585
586
587
588
589
590
591
592
593
594
595
596
597
573
543
528
490
489
488
487
486
485
484
483
482
481
480
479
478
477
476
475
474
473
472
471
470
469
468
467
466
465
464
502
503
504
505
536
537
538
506
507
508
509
510
511
512
513
514
515
516
517
518
519
520
521
522
523
524
525
526
527
542
572
571
570
569
568
567
566
565
564
563
562
561
560
559
558
557
556
555
554
553
552
551
550
549
548
535
534
533
501
463
446
411
412
413
414
415
416
417
418
419
420
421
422
447
474
512
539
540
541
514
476
449
448
423
424
425
426
427
