30
58
76
75
91
92
93
94
95
127
126
125
124
123
122
152
153
168
184
185
186
187
217
218
188
189
219
220
221
222
223
224
225
254
253
252
251
250
249
248
247
246
245
216
215
244
243
214
213
183
167
182
166
151
150
120
119
120
89
121
90
74
55
56
57
29
2
0
2
1
28
27
26
25
26
54
73
72
71
70
69
53
23
24
23
22
52
68
67
51
50
66
85
86
115
116
87
88
117
118
117
149
165
148
164
180
181
212
211
241
242
272
271
285
284
321
355
356
322
286
287
286
323
357
371
370
406
407
443
442
454
492
531
530
545
546
547
532
493
455
456
494
495
457
458
496
497
459
460
461
498
499
500
462
444
409
376
408
375
374
361
360
373
372
359
358
359
324
288
273
274
289
290
275
276
291
325
362
363
326
292
293
327
328
294
295
296
329
330
331
297
298
332
333
334
299
300
301
335
336
302
303
304
337
338
339
364
389
388
421
420
387
386
419
418
385
384
417
416
415
383
382
381
414
413
380
379
412
411
378
377
410
445
446
463
501
533
534
535
536
548
549
550
537
538
505
504
503
502
464
465
466
467
468
506
507
508
469
470
471
509
510
472
473
511
512
539
540
558
557
556
555
580
579
578
577
554
553
552
551
575
576
599
600
601
602
603
604
581
582
605
606
607
608
609
610
611
612
622
623
613
614
615
616
593
594
617
618
619
620
621
598
574
544
529
491
490
489
488
450
436
437
451
452
453
439
440
441
440
439
438
405
404
369
354
320
283
270
269
240
210
179
178
163
177
208
207
206
175
160
161
176
162
147
146
114
113
145
144
143
142
111
112
84
83
65
82
64
49
48
63
81
110
109
108
107
106
105
104
103
135
136
137
138
139
140
141
159
174
158
173
202
203
204
205
234
235
236
237
238
209
239
268
282
281
280
267
266
265
264
263
262
261
233
232
231
260
259
258
257
228
229
230
201
200
199
198
197
227
256
278
306
279
307
341
366
391
392
393
394
395
396
397
398
399
400
401
402
367
352
351
350
349
348
347
346
345
344
343
342
308
309
310
311
312
313
314
315
316
317
318
319
353
368
403
435
434
433
432
431
430
429
428
427
426
425
424
449
448
475
476
477
478
515
516
517
479
480
518
519
481
482
520
521
483
484
522
523
524
485
486
487
525
526
527
528
543
542
572
573
597
596
595
571
570
569
568
592
591
567
566
590
589
565
564
588
587
563
562
586
585
561
560
584
583
559
541
514
513
474
447
422
423
390
365
340
305
277
255
226
196
195
194
193
192
191
190
169
154
170
155
130
129
128
96
97
98
77
59
37
60
78
99
131
132
100
101
133
156
171
172
157
134
102
79
80
62
61
40
41
42
43
44
45
46
47
21
20
19
18
17
16
15
14
13
12
39
38
11
10
9
8
36
35
34
33
7
6
5
32
31
4
3
30
