165
149
117
118
117
88
69
70
71
72
71
70
69
53
23
24
23
22
52
68
67
51
50
66
85
86
115
87
116
148
164
180
211
241
271
285
284
321
355
356
322
323
357
371
370
406
407
443
442
454
492
531
530
545
546
547
532
493
455
456
494
495
457
458
496
497
459
460
498
499
461
444
445
410
409
408
375
376
377
378
379
380
381
414
413
412
411
446
463
462
500
501
533
534
502
464
465
503
466
504
536
535
548
549
550
537
538
506
505
467
468
469
507
508
470
471
509
472
510
511
473
474
512
539
540
558
582
581
557
556
580
579
555
554
578
577
553
552
551
575
576
599
600
601
602
603
604
605
606
607
585
608
609
586
587
610
611
588
589
612
622
623
613
614
592
615
616
593
569
568
567
591
590
566
565
564
563
562
561
560
584
583
559
541
514
513
475
476
477
515
516
478
479
517
518
480
481
519
520
482
483
521
522
484
485
523
524
486
487
525
526
488
450
451
452
489
490
528
527
542
543
573
572
571
570
594
617
618
619
595
596
597
620
621
598
574
544
529
491
453
439
440
441
440
439
438
405
404
369
354
320
353
319
282
283
270
269
268
239
240
210
179
178
163
162
147
146
114
113
84
112
111
82
83
65
64
49
48
63
81
110
142
143
144
145
160
175
176
161
177
208
209
238
267
266
237
207
206
205
204
203
202
232
233
234
235
236
265
264
263
262
261
260
231
230
259
258
257
279
307
308
341
342
343
309
310
344
345
311
346
312
313
347
348
314
315
349
350
316
317
280
281
318
351
352
367
368
403
437
436
435
402
401
434
433
400
399
398
432
431
430
397
396
429
428
395
427
394
393
426
425
392
424
423
449
448
447
422
421
420
419
418
417
416
415
382
383
384
385
386
387
388
389
390
391
366
365
364
339
340
306
278
256
227
197
198
228
229
199
200
201
173
174
159
158
140
141
109
108
107
106
139
138
137
105
104
136
135
134
102
103
80
79
61
62
41
42
43
44
45
46
47
21
20
19
18
17
16
15
14
13
40
12
39
38
11
10
9
8
7
34
35
36
37
60
59
77
78
99
131
132
100
101
133
156
157
172
171
194
224
223
193
192
191
170
155
130
98
97
96
95
127
128
129
154
169
190
189
219
188
218
217
187
186
185
184
168
167
152
153
123
124
125
126
94
93
92
91
75
76
58
30
31
32
33
6
5
4
3
2
0
2
1
28
29
57
56
55
27
26
25
26
54
73
74
90
89
120
119
120
150
121
122
151
166
182
183
213
214
243
244
215
216
245
246
247
248
220
249
250
221
222
251
252
253
254
225
195
196
226
255
277
305
304
338
337
303
336
302
301
335
334
300
299
333
332
298
331
297
296
330
329
295
294
328
327
293
292
291
276
275
274
273
289
290
291
325
326
363
362
361
374
373
372
360
359
358
359
324
288
287
286
272
242
212
181
165
